0
step	origin_time	contract_time
1	0.2964324	0.23995859999999997
2	0.2983612	0.24708239999999998
3	0.29434119999999997	0.2386156
4	0.2960758	0.2357268
5	0.297896	0.2388146
1
step	origin_time	contract_time
1	0.2981118	0.23688160000000003
2	0.2969888	0.2409634
3	0.2931892	0.24128560000000002
4	0.3027172	0.23403520000000003
5	0.2994684	0.23799420000000002
2
step	origin_time	contract_time
1	0.2978728	0.24390360000000003
2	0.301236	0.24109119999999998
3	0.291079	0.23887819999999998
4	0.29543480000000005	0.236883
5	0.2962668	0.23799700000000001
3
step	origin_time	contract_time
1	0.2983396	0.23543219999999998
2	0.3068402	0.2369268
3	0.29724779999999995	0.2355896
4	0.2890562	0.2376718
5	0.2984338	0.23506239999999998
4
step	origin_time	contract_time
1	0.29252880000000003	0.23538579999999998
2	0.3007588	0.2333208
3	0.2999664	0.2392706
4	0.2953228	0.23309219999999997
5	0.2987146	0.24295739999999996
