Info: Reading pbbs format
Running on /data0/zwan018/origin/RoadUSA_sym_wgh.adj: |V|=23947348, |E|=57708624, param=262144, num_src=10, num_round=1
Info: Reading graph
Info: Reading pbbs format
Info: Reading graph
Info: Reading pbbs format
source: 4278411   
origin
394
1404
3521
6734
10732
8940
10891
15522
12078
7527
5444
5327
4429
4219
4457
3831
3537
1438
1392
1506
2470
5219
5527
6796
11491
14711
15989
13689
10792
8186
8813
9155
12667
8803
7302
7188
6616
7600
6491
4689
3392
3847
4749
5099
8787
19279
18311
8760
9306
7393
6854
6050
6627
5968
5488
3779
2973
2990
3023
3253
2766
2951
2815
2033
3990
4307
4200
3848
3925
7157
11688
7899
3209
2940
2885
2312
2597
2883
2688
3797
3565
4638
4315
5437
5367
4118
3952
4288
4487
4695
4747
5542
6541
6241
6491
7750
8961
13424
11054
9439
12889
20785
24548
38846
34443
26583
22253
15854
16957
16785
20995
18317
26240
31150
21457
15867
11936
13632
10715
11878
13033
15781
15671
16104
18728
20352
28612
34443
36955
28561
19152
16564
14378
16993
16878
14595
17134
21380
24000
21237
28782
26206
19213
23700
33796
30926
20956
24962
28398
22541
14675
15912
15518
18183
21350
24127
22078
15289
16336
16651
19240
23211
26671
29185
27746
24622
37340
56808
73262
47907
36508
33364
32218
35034
38498
37413
25470
14402
16033
19893
19720
19183
15165
11496
12360
14695
16615
4780
2151
1532
783
806
893
573
341
418
230
355
258
248
179
165
104
147
152
65
15
0
warmup round (not counted): 0.382104
394
2034
4092
6625
12358
12430
12259
16838
14097
9369
6937
5686
4235
3787
4324
4128
4013
1670
1342
1518
2403
5247
5884
8994
14975
18578
17845
13578
10986
8278
8921
9376
14148
10369
7323
7243
7228
9659
8745
5744
3427
4142
4539
4623
8320
17572
16043
8121
7801
8200
8256
6738
7112
5904
5754
3770
3543
3069
2859
3236
2811
2901
3160
2073
3996
3970
3831
3883
3526
7524
11883
7147
2999
3006
3282
2465
2598
3134
2828
4118
3800
4585
5077
5600
5293
4096
3818
4298
4179
4421
4756
5681
7007
6052
6511
7650
9123
14314
12166
10000
12264
20870
24478
36098
31318
24309
20856
15748
17164
16052
20341
17636
26127
31064
24091
16107
12297
12450
10687
10706
13213
13392
14339
16234
20265
19862
28962
35624
37192
28818
20431
16009
13852
19098
18831
15097
16746
22425
21900
26159
34414
36325
27228
31383
37028
33881
25575
28607
29672
24315
15714
16133
14679
17125
22570
27853
23260
16622
15750
18466
19477
20349
26167
29015
26035
25082
37543
60462
70854
49184
41490
41965
36215
42982
41658
41411
26658
17642
14275
18016
21577
22525
14795
11332
12596
16007
17363
4378
2710
2046
1379
970
934
835
323
426
213
346
256
225
195
177
125
133
167
68
3
0
round 1: 0.357274
contract
457
2113
5453
7069
3186
4708
4521
2387
1514
1264
1164
1553
1263
2056
1312
1434
1791
1459
1143
926
1561
4117
3854
8263
11986
11288
6789
3346
3945
3947
4405
1730
3870
1875
2062
2110
2985
5465
3558
1564
1461
1808
2455
2283
6235
9878
5666
4553
5636
3875
2360
3060
3375
2375
2012
2045
1831
2183
1804
1582
1498
1829
1798
1398
3187
1992
2489
2226
2709
4925
5903
2886
1734
1862
1711
1522
1690
1817
1712
2710
2599
3471
3722
4267
3670
2588
2550
2607
2582
2617
2878
3783
4407
3520
3775
3970
5152
8466
5719
5276
9059
12185
16374
19061
10787
9530
8134
6798
9263
8391
8651
9133
14723
14462
6792
6004
5853
6178
5846
6637
7762
7371
5647
5710
7722
10238
13062
17517
17221
7521
7609
5682
7517
7262
6315
5579
7998
9831
7998
9321
11209
9424
8233
11333
17769
8538
8005
11173
12173
6100
5848
6267
5924
7295
9274
8502
6846
5333
6139
7023
8764
8864
11937
11280
9654
9869
16508
35447
29273
13752
12062
13534
16561
14803
21625
16487
12287
12174
10197
13941
11432
8066
3684
4292
5535
8957
4952
1526
1283
340
514
264
363
358
313
216
143
183
159
120
105
129
63
92
181
35
7
0
warmup round (not counted): 0.342290
457
2242
6100
6811
2803
3833
3498
2622
1437
1301
1515
1574
1217
1967
1197
1644
1944
1248
1130
977
1628
4252
4367
8326
12254
11332
6882
3605
3439
3438
4827
1911
3813
1867
2040
2200
3134
5775
4221
1716
1419
1872
2503
2444
5999
9817
5912
4654
4523
3571
2462
3313
3385
2463
2017
2075
1761
1714
1456
1464
1454
1569
1845
1349
3060
1955
2071
2149
2589
5298
6819
2848
1714
1887
1778
1590
2001
2032
2014
2698
2686
3271
3292
4255
3800
2673
2560
2787
2715
2723
2798
4109
4071
3489
3797
4149
5291
8678
6069
5015
7844
12078
16964
21048
10449
11238
8088
7060
8738
7381
8264
9147
16657
14041
6959
6052
5638
6053
5582
6296
7968
7386
6288
5309
7127
8529
12565
14590
16748
7879
6370
5827
7060
7174
7245
6199
7321
9957
7594
9609
11537
10709
8279
11634
17913
8922
8194
11425
14167
6406
5554
5583
6985
8260
10100
9362
6568
5247
5519
6991
8613
8778
11108
11843
9748
9479
15688
35712
26846
13333
13384
15454
18458
13849
18234
14658
14457
13181
11260
13620
11811
7524
2463
4068
5689
8915
3836
1065
1031
410
454
300
337
234
197
271
144
187
178
160
112
125
67
87
197
41
7
0
round 1: 0.273925
median running time: 0.357274	0.273925
average running time: 0.357274	0.273925
Info: Running verifier
dijkstra running time: 5.382497  
source: 11348062  
origin
220
1010
295
488
485
512
525
820
764
627
638
598
1426
1822
2228
2219
3147
1881
2051
2747
3044
2541
2114
2353
3111
2978
2957
3640
4251
5125
9315
12669
11223
8713
5908
5503
6196
6444
6643
6582
6445
7677
8335
7543
7659
8031
9013
12254
18016
29163
30970
30255
27549
26035
24948
20606
17428
15278
18961
21374
22647
27631
27613
27125
39977
59185
63172
59966
65945
62827
57132
42097
32201
32006
34186
31033
29877
26149
28209
31088
32777
28686
30197
40926
48058
40916
38828
40083
47232
53466
45982
36692
33778
37109
35232
29609
22489
16686
15209
16665
22489
37799
31589
25312
21699
21521
23080
22968
29510
34163
25806
32008
47435
50396
54092
50759
41764
39514
47934
54558
58609
46580
30693
31336
23613
20535
19043
17400
16208
19622
19107
22585
20781
15278
20617
9091
7712
5657
5085
3936
3902
2179
1894
1840
1971
3735
5407
4210
1015
452
78
54
0
warmup round (not counted): 0.314084
220
642
370
445
477
488
539
768
798
652
632
567
1459
1869
2284
2389
3216
2155
2057
2469
2811
2453
2104
2252
2964
3182
2950
3541
3710
4937
9729
13191
11332
11461
6135
5723
6812
6974
7227
7186
6379
7670
7873
7870
7437
7996
8981
11923
18974
28624
32114
28534
26486
24984
22548
19283
15768
13760
18497
18741
20071
26514
27918
27004
43017
62641
58608
55235
73436
64385
56474
42286
31996
36895
38797
34677
34537
30480
30005
34950
37952
28910
31298
38565
48109
40545
43496
39941
41810
45995
46803
35334
30475
32525
34540
26885
23480
16654
14898
15324
19718
30629
31255
25290
24696
20875
21390
23554
28685
30225
25932
34338
49385
57721
60857
55826
47379
39546
49552
54382
52553
47856
31347
32027
23816
19900
18165
16296
12847
17821
18718
20592
16751
17604
20215
11270
10217
7614
5731
5118
4190
2559
3141
2316
2434
3147
4935
5161
1081
505
115
57
0
round 1: 0.293013
contract
266
368
177
308
292
292
317
458
419
382
449
440
1162
1197
1523
1498
1599
1179
1210
1656
1634
1437
1300
1346
1763
1600
1808
2303
2620
3129
5524
6263
7612
4125
2831
3012
3232
3521
4170
3952
3779
4293
4562
4530
4712
4471
5319
8433
12563
17277
21732
13295
10143
11939
9173
8810
8768
7675
11257
10324
10558
12303
13787
16396
27813
35699
27429
30159
44456
31904
18703
15640
17256
18643
15450
18101
10289
9951
15408
14157
9465
8321
11601
18133
15163
13288
15090
16412
25825
27471
19570
11504
14243
18537
14002
10434
9184
7605
6727
7437
12184
14686
11738
9545
8223
7965
8467
10987
11201
10519
9851
13331
16807
25492
21223
20571
16244
18203
26224
24692
30669
20127
16363
12715
13801
12156
8489
4109
4073
8033
9272
9928
5640
9182
4100
1543
2319
1402
2870
1441
1968
848
1215
1038
1571
2515
4399
1571
129
136
46
16
0
warmup round (not counted): 0.213386
266
347
185
320
305
295
288
431
425
358
478
440
1233
1139
1551
1483
1820
1169
1218
1730
1756
1450
1328
1325
1921
1687
1804
2602
2816
3837
5534
5838
7273
3898
2647
3099
2860
3509
3972
3822
3923
4156
4504
4570
4620
4672
5199
8540
11685
16630
23293
13153
11102
10976
8560
8902
7790
8327
10747
10458
9581
13158
12807
14514
25882
34617
27034
30889
41015
36497
19804
17468
16834
16044
16591
15029
8675
8933
12323
13839
8695
8448
11601
16350
14804
12648
14900
15763
25912
27873
18348
11703
13057
17439
15580
10565
8910
7486
6337
7391
12302
16013
12029
9826
7394
8067
9039
11277
10297
10626
11281
14129
16999
26099
26978
20080
15272
18954
26907
26845
33200
22519
14994
16309
13061
11203
9106
4783
4357
7963
8817
9695
5271
9176
4596
2667
3555
1732
2725
1718
2593
1015
1147
956
1923
2203
4145
1028
81
145
51
17
0
round 1: 0.218356
median running time: 0.293013	0.218356
average running time: 0.293013	0.218356
Info: Running verifier
dijkstra running time: 5.595148  
source: 16267039  
origin
349
3809
3502
2644
2784
4626
5409
5121
5447
6052
6259
7704
14543
19425
17257
12183
14489
13612
16949
18860
21251
21510
18006
18090
14424
17313
20679
23944
34905
40300
29239
28265
24769
28103
30238
26162
26660
26616
31492
32419
37117
31739
31613
27232
32305
41000
56301
73020
68937
52784
57797
69364
53325
34756
34137
37697
47314
54110
51296
48519
46137
52317
53447
49489
40568
37897
39296
40159
31537
31227
31867
25916
29753
35355
41063
38832
50803
61977
60592
41554
46435
60859
61464
39422
35274
36067
34339
40414
25970
18284
22498
20655
18725
20970
17692
23556
28466
36439
37540
37258
17303
10461
6603
4146
3504
2748
4187
6088
6558
5475
4917
5980
6265
2156
1548
1459
1051
685
251
89
162
39
0
warmup round (not counted): 0.259794
349
4154
4338
2330
2705
3538
6115
4446
5158
5927
6038
7725
13826
18701
19266
13032
13988
12900
14895
16941
21321
22385
17210
18140
15681
18117
21329
24467
32492
43348
28467
26511
22557
26162
32052
25352
28033
27841
31857
33202
37991
32432
31528
30344
30599
42670
55636
69921
62622
60268
60468
65521
58888
36203
36503
39504
48191
55181
48748
44955
46432
45510
50130
45927
40893
36350
36744
36076
28867
26047
28682
24534
26460
33212
43015
34923
46583
58655
59968
39382
49939
62534
62800
39599
34353
34385
34638
38003
34847
24171
28005
24219
22253
19387
18178
24464
31964
38373
43123
33624
20155
11399
7511
5637
4220
3214
3984
6276
6217
5506
5858
7490
6458
3587
2144
1618
1008
445
269
88
156
22
0
round 1: 0.270890
contract
587
3129
1517
851
1369
2786
2238
1718
2621
2492
2755
4775
9308
11675
6420
5272
6917
6261
8504
8735
11645
11246
8832
11295
8483
8802
11917
13564
20306
22005
14121
13610
11279
13678
11958
12199
13892
12671
12792
14071
17629
12191
14375
11865
16300
23411
34651
45246
27271
19293
25291
22330
12284
10815
13687
14602
20279
22550
22384
19748
18428
29425
25018
18662
15389
15909
15416
10425
9214
10394
10696
9345
8918
14820
15865
12102
20249
35695
32179
22290
36329
39776
22885
17581
12612
17651
16768
17845
12148
12334
14403
11304
9765
8061
7473
10517
14551
18178
20483
6809
3924
2622
1685
2344
2320
1619
2261
4208
4336
2312
3461
5662
1932
1027
414
702
735
225
176
60
104
16
0
warmup round (not counted): 0.213007
587
3462
1790
904
1150
2462
2027
2037
2647
2844
2536
4169
8744
11862
6193
5067
6857
6751
8471
8995
10881
10895
8864
10495
8159
8815
11251
14603
23253
22701
15041
12415
10579
13701
12611
11362
14580
13753
13590
15078
18145
12883
15270
12497
15660
23032
33664
42939
29133
19913
26843
23459
13500
10193
14342
16081
20164
22724
21493
19125
18667
28678
25926
18059
16822
16407
15755
13635
9617
10584
11713
8333
8314
16220
18422
12022
18441
33163
32161
22627
35455
38903
20004
16726
12212
17624
17212
18750
12791
11812
12826
8756
7119
5596
5565
9578
13946
18248
20218
7741
4755
2843
2047
2482
2207
1517
2292
4342
3960
2132
3318
4599
1387
1014
694
698
332
320
155
78
105
10
0
round 1: 0.203783
median running time: 0.270890	0.203783
average running time: 0.270890	0.203783
Info: Running verifier
dijkstra running time: 5.821302  
source: 20893735  
origin
68
65
150
275
708
580
1915
2949
2025
2464
4334
5457
9104
6287
5046
3869
3151
2541
1511
1987
2420
1901
2159
1698
2593
4183
3411
2230
1751
1473
1056
1034
1364
1938
2643
1884
1944
1551
1014
1511
1833
2405
2957
3024
4873
6525
5396
5348
7223
7160
7717
8977
8091
7688
5426
6442
8824
7897
5766
4424
3224
4632
4410
2972
3296
2582
6472
10391
6434
11574
17472
19167
16144
11474
8411
6511
6423
9102
7183
7641
7629
9951
9516
6364
9654
12295
10977
8299
6721
6255
8006
7719
6516
5185
4833
4764
4897
5225
5910
5234
5867
7307
7670
11814
18568
19039
11608
8414
8275
9756
8246
9085
11818
10139
10088
12872
16627
16621
13909
15013
14990
14378
17261
18963
24147
27559
31147
25593
26332
32016
33035
35135
32996
29883
26584
25439
30050
36621
35971
43692
47307
42412
35074
37821
36279
37131
27318
23479
23209
20451
18155
15954
14575
12489
16044
23118
31914
26695
18601
16102
18270
18814
20391
24945
32177
26815
34747
42707
48084
52453
49438
42198
41609
50783
50736
55745
47649
35424
30320
27281
24095
20117
16290
15003
17288
17412
25202
27254
21910
13750
10691
6173
5572
4656
4306
2613
2857
1837
1547
2572
5672
5251
1051
396
343
69
33
0
warmup round (not counted): 0.360663
68
65
149
343
467
636
1735
3397
2710
2445
3699
5470
9391
6301
5062
4986
3159
2011
1641
2114
1773
1736
2204
1765
2675
4246
3634
2417
1863
1639
911
1086
1252
1804
2251
1940
1727
1337
1056
1608
2016
2214
2628
3140
4980
7045
5456
4905
6996
8224
7825
6518
10042
7479
5547
7131
7906
7687
5479
4839
3583
4677
3457
3150
2994
2420
6630
10086
7455
10852
16124
15072
12033
10949
8499
7429
7895
9011
8422
7123
8057
8876
7098
6177
9840
11862
11557
9331
5305
5180
7094
6774
5543
3952
4874
4699
5197
5222
5678
5294
5832
6358
7243
11705
17688
18902
11391
8504
9035
9117
8635
9252
10966
10021
10608
14529
18008
15943
14418
14911
15665
13605
17065
17818
20756
25775
29792
25214
28549
34103
32712
38037
36112
32826
29838
31196
31322
36415
37674
44675
46980
40729
38026
36912
34638
37550
29498
22911
22615
21220
18242
16083
14580
14460
15598
23361
31358
24674
17995
17522
18244
19205
19890
26099
31010
28157
37208
44837
48878
54872
52582
43446
40618
50769
53747
60323
57316
34079
32835
23984
21287
21793
15885
13049
18591
19697
22235
20509
20912
13992
9638
7763
5797
3677
4348
1985
2748
1822
1792
3408
5174
6456
1743
466
492
82
38
0
round 1: 0.354077
contract
41
40
89
117
451
506
1054
1739
2146
2258
4330
3531
4432
2491
2079
1282
637
1161
928
1069
1250
1016
1582
1083
2128
3071
1689
1042
1105
903
630
587
907
1069
1051
1027
909
832
685
696
1125
1245
2215
1920
3411
2921
2255
3792
6034
5341
6146
3277
2079
2695
2458
3230
3167
2240
1840
1124
1377
3006
2068
1757
1671
1551
4884
8048
7750
11285
12936
7605
3384
4037
4087
4875
2573
1933
2075
2848
2883
5100
4521
4414
7432
7028
6999
3985
2851
3166
4026
3430
2857
2464
2607
2923
2967
3098
3346
3204
3628
3839
4294
7565
12609
8259
4877
4624
5146
5969
5363
5937
6491
5631
6248
8293
8224
6974
6640
7685
7210
7457
8305
9232
11390
15953
13864
12926
15907
14806
17076
13515
13651
11457
8905
10822
13674
15828
17338
16281
17403
14132
12240
14748
20444
14677
9570
9045
8707
9204
6882
6712
6763
5973
8467
13296
13456
7047
6987
5962
7327
6960
8440
9049
10090
8872
13676
15899
23082
23111
22039
17030
18755
25014
24446
28154
18604
15431
15574
12640
11185
7697
5057
5605
7894
10152
12179
8161
7232
2373
2248
1845
2345
1566
2665
641
1095
1056
988
2705
4261
2796
459
117
103
56
22
0
warmup round (not counted): 0.290679
41
42
84
122
536
493
1414
2081
2332
3662
3344
3052
3750
2485
2041
1011
699
1076
1011
1007
1143
1019
1652
1145
1974
2351
1571
1030
1117
885
617
588
776
1112
1307
1119
916
882
639
732
1107
1283
1861
1800
3367
3425
2419
4274
5543
5377
6016
4146
1689
2414
2412
3721
3858
2331
1976
1253
1501
2560
1945
1650
1742
1543
4917
7357
6913
10921
12593
9558
3308
4190
2996
4405
2534
2059
2336
2512
2780
4876
4369
3979
7785
7888
6808
5070
3322
3402
4418
3498
3049
2471
2637
2985
2958
2969
3080
3198
3928
3736
4489
8349
12068
7641
4973
4615
4899
5236
5226
6866
6364
5458
5787
8698
8716
7818
6452
7568
6598
7864
8620
8856
10380
15239
12307
11738
14143
15219
14113
11962
13644
10828
8065
9654
12956
15807
16635
19407
19652
14657
13017
13972
20876
14934
10258
9465
9443
10045
7329
7094
7127
5700
8301
13521
15279
7623
6891
6208
7967
7402
9808
10637
10763
9544
13587
17677
25849
22962
20209
17245
18057
28969
24653
28148
21589
16183
14523
12778
11581
7707
4121
5284
7727
10757
12104
10004
7370
2154
2331
2330
2942
1563
2726
960
1181
761
798
2560
3575
3123
397
114
116
55
22
0
round 1: 0.270884
median running time: 0.354077	0.270884
average running time: 0.354077	0.270884
Info: Running verifier
dijkstra running time: 5.354495  
source: 9352686   
origin
350
4454
8211
10267
10222
4300
5654
8661
9434
8556
6514
10796
11201
13084
17990
16256
18629
21284
27439
36069
37675
37051
43867
43656
43279
41044
33944
29779
33707
31351
25916
34334
48428
61275
63562
57761
59237
62121
72261
74967
87989
81867
72317
84946
82533
84314
74112
53222
51636
47658
45667
43274
28888
21673
20172
21550
24820
19886
14930
13627
17047
15553
16014
15625
13108
13058
18667
19577
17038
19247
26611
30440
26736
23233
18964
17461
16600
24234
24130
19940
15973
14957
14545
18748
15112
11343
11989
7488
6914
7834
6685
6083
6990
6531
3798
3200
3568
5045
5680
5997
7720
6502
3195
2727
1699
1407
1711
1515
2517
2266
2524
1968
1395
1964
3384
6769
10549
10077
4693
5237
4252
6092
2918
1985
2336
2439
2736
2533
2114
2479
2804
6161
4010
6173
9779
11365
26515
44067
43629
41345
29007
16451
10177
8983
11084
10332
4149
1465
90
4
0
warmup round (not counted): 0.284656
350
3783
7780
12137
12769
5766
6023
7135
8996
9423
6238
9192
11968
12963
17449
18204
20736
20847
30970
38335
36928
35095
34569
37420
38309
42112
30193
26122
32613
29148
24638
32466
47784
60783
66349
59025
56422
60742
69848
72259
87103
81183
74220
79153
85748
88240
72371
51581
50223
48529
40982
42302
30884
21558
19211
18670
24602
19764
15277
13582
17598
15089
15122
15674
11938
12747
18072
19417
15820
18837
25136
32320
25012
25940
21637
17838
17927
21804
21916
18944
15859
12295
14566
18184
16164
11950
11355
9463
8158
8085
6517
6417
6826
6358
3877
3596
3180
5092
5041
5532
7771
6055
2917
2524
1817
1424
1597
1418
2490
2397
2163
1842
1438
1708
3300
7871
12244
9737
4237
4409
3674
5488
2322
1939
2193
2502
2344
2586
2281
2497
2816
5823
3909
6063
7974
11351
28878
40410
44633
43977
35040
14497
9672
9178
12629
7518
4873
1762
90
8
0
round 1: 0.276202
contract
468
2298
5577
10737
4423
2131
3351
3378
2875
2563
2203
4254
3921
6792
7757
7246
8565
12867
19655
19235
17119
15545
13046
10400
12270
9430
8045
7967
10997
10623
9445
13517
24096
40365
28838
20025
24536
32208
39244
41010
46643
46792
39523
38382
44403
43939
23623
15191
19606
20415
24842
18581
9926
10655
8775
8883
13038
7674
6672
7691
8493
7706
7695
8114
5640
6862
9383
8323
8525
9332
10850
14494
12459
10496
8957
7950
9027
14795
13251
8564
8433
8805
8469
7249
6043
5226
6313
3797
4057
3766
3751
3905
4210
3371
2021
2162
1969
3097
3300
3255
5427
3686
1866
1690
1058
925
987
949
1735
1311
1276
1073
899
1097
2254
5774
5989
3976
1910
2785
2987
2444
1413
1231
1304
1607
1673
1264
1345
1455
1657
4228
2468
4539
5336
9283
26190
29457
25545
19952
8206
3534
4167
6222
5110
2257
1153
514
46
4
0
warmup round (not counted): 0.231741
468
2490
5630
13102
6067
2317
3285
3679
3329
2696
2190
3841
4207
6183
7079
7401
9425
13175
20752
20196
18209
13680
12258
11148
12516
11133
7806
8554
10967
9935
9847
13319
25974
42871
29273
20236
24896
36118
34153
40347
46728
38638
42107
39785
49093
44208
24236
16719
21344
23485
23116
16339
9610
10614
8875
8622
11314
7346
6909
7233
8602
7630
7073
8320
6183
7753
9476
8539
9002
10492
11271
15182
12444
9783
8806
6853
8871
15306
13218
8393
8470
8810
9410
7332
5236
5321
5225
3444
3768
4561
3772
4038
3600
3110
1986
2164
1909
3065
3248
3466
3834
3350
1790
1614
1038
985
960
971
1695
1306
1334
934
887
1164
2071
5465
6501
3723
2291
2812
2529
2602
1399
1252
1393
1619
1689
1358
1432
1640
2290
4140
2216
4188
5880
8735
25533
26973
20992
18214
8037
3793
4004
7242
7490
2435
1014
389
62
5
0
round 1: 0.219278
median running time: 0.276202	0.219278
average running time: 0.276202	0.219278
Info: Running verifier
dijkstra running time: 5.668637  
source: 8715930   
origin
76
790
1060
1081
1937
4108
6291
6249
6374
8308
10017
14230
26067
39626
42129
37532
34863
40902
66658
77552
85141
77053
55827
47703
56307
69548
73919
58591
47750
55288
61413
64322
74880
78164
74298
78989
69129
74449
61051
58912
56514
56651
55294
51764
60538
69358
58335
51799
49308
44483
47967
61198
57788
49252
47436
48805
42157
44440
43170
33800
29178
25857
22080
25955
23802
17692
11263
9395
9825
9414
9430
7891
7065
9684
10965
7533
8234
7162
7466
9643
11607
11634
8673
7695
7600
4388
3516
3001
2973
2489
2892
4207
4508
2984
3105
3987
3224
2787
2350
2244
2535
2204
1537
1790
1645
1259
1654
4178
6144
3206
1996
2883
2423
4542
8835
7763
9507
4345
2286
1815
1824
1313
1400
1981
6164
3135
1997
2132
2260
2324
2429
4883
6213
6853
9533
11322
13614
26231
26715
17365
4796
5390
5505
7889
8745
7257
4744
6597
16855
33198
21923
14559
5487
1851
1076
1024
266
84
207
0
warmup round (not counted): 0.312977
76
888
786
912
1885
3215
6327
5784
7004
8819
12244
16716
23457
41752
45892
37749
35677
47098
70508
85408
86007
79117
58742
53686
56025
71847
70332
56251
51236
56253
61239
66669
75859
75307
77432
73503
65569
60430
49277
54826
52359
49643
58743
60581
59710
66666
50153
52340
53361
45538
49380
64330
60370
49528
42631
42335
44306
49900
40912
29487
27741
22945
24664
22985
23942
17794
13909
10825
10640
10351
8387
7616
6472
9927
10816
6936
8487
7041
7432
9524
12036
12503
9515
6867
7286
4442
4054
2831
2766
2534
3288
5013
3660
2567
2857
4261
3162
2260
2272
2092
2353
1953
1471
1772
1689
1281
1451
4460
6775
3221
2059
2676
2122
4683
9831
7455
7451
3918
2206
1663
1677
1378
1398
2249
6709
2568
1627
1975
2541
2698
2996
4411
6128
7231
9125
11117
10898
23969
33899
21954
7138
5678
5517
8021
10906
8654
5844
7252
17511
35857
22051
14591
4984
2195
1354
1166
463
130
185
1
0
round 1: 0.291255
contract
89
187
376
721
1319
2270
3379
2732
3198
4846
5826
8359
13518
21992
14751
10652
11030
17157
32700
41986
42969
24421
17722
21836
35840
38229
33134
23970
26399
37303
38120
42012
40073
27066
28856
24867
21521
25557
23120
27824
25124
22486
24145
22050
27402
25477
20199
22457
20403
22982
23764
23255
17316
13993
11985
12308
14410
12166
13957
12065
11189
7957
6776
10623
9321
5386
4687
4638
5265
5144
4305
3493
3566
6257
5212
3842
5245
4430
5331
6670
9051
5949
5070
4366
3866
2939
2179
2036
1822
1522
2238
2751
2051
1500
2090
2490
1880
1331
1469
1254
1578
1225
906
1298
967
864
1037
3039
3105
1449
1102
1636
1270
4126
5212
5327
3172
1128
1162
927
1008
736
875
1301
4692
1243
939
1065
1637
1321
1872
3136
3761
5265
7402
7839
13452
16745
6795
3800
1933
2425
3008
4470
4816
4007
2929
3904
13643
18948
9393
2775
1146
481
395
761
101
49
112
0
warmup round (not counted): 0.232556
89
181
381
619
1330
2188
3149
2572
3924
5585
6365
7854
12568
19539
14874
10948
11218
18918
33539
40218
42949
24807
16516
20991
34698
38176
32517
22719
23098
34292
36831
42870
40799
31102
34910
30002
23566
26358
23829
27764
25707
23650
28718
27476
31721
26532
22841
24863
21073
26307
24956
22394
19568
21375
20992
16513
16271
12984
13928
12654
11613
7930
7785
11527
10619
6486
4426
4527
5299
5413
4220
3890
3726
6165
4646
3988
4976
4203
5106
6498
8421
5913
4918
4100
3927
2638
2176
1887
1916
1652
2641
3795
2160
1538
2078
2922
2012
1231
1470
1281
1435
1096
907
1087
900
813
1055
3437
3266
1525
1146
1552
1313
3921
5790
6300
4331
2233
1332
970
1081
747
903
1436
4377
1507
954
1005
1496
1404
1957
3133
3291
4527
7186
7832
12245
13969
4737
3036
1904
2419
2906
4568
5236
3192
2589
4341
11424
19456
9083
3277
1106
659
432
814
99
58
123
0
round 1: 0.243309
median running time: 0.291255	0.243309
average running time: 0.291255	0.243309
Info: Running verifier
dijkstra running time: 5.553814  
source: 779116    
origin
411
2198
1288
1235
2276
3269
4409
10872
10453
16207
20126
17321
17667
12163
11836
15956
20713
25228
21990
18518
11940
8528
5666
5072
2200
2183
2461
2501
4425
7562
6781
4890
3992
2906
3186
4597
5703
3635
3222
6725
5968
5139
4257
6334
4872
3998
3460
3970
6115
5538
7299
8608
8010
6453
4386
5149
4747
5521
5842
7308
9878
15547
20801
15183
9315
9049
8653
10373
8988
5921
4521
4484
3834
4028
4313
4747
4475
3905
4425
4974
6085
9028
7965
8609
11739
14360
21498
30157
25322
13125
10939
10868
15313
19272
20720
20095
19725
19381
19300
12143
11186
12014
11932
11332
11325
9700
8817
11477
19130
25240
21536
18274
22541
18233
19609
18565
16833
17928
17142
22133
32163
44140
37292
22482
22766
27788
24577
22118
17824
19903
29169
34295
33322
26032
20843
30155
34367
32829
26509
24813
23022
25611
17117
16847
21109
25836
35258
33803
25575
19358
19977
27947
33981
33420
20368
21569
28887
30930
34018
21916
19567
25608
29337
29308
31978
32848
18962
13921
14822
12514
15277
16550
15786
11909
10443
9710
11195
14629
18166
9470
3624
2901
1347
888
863
665
360
384
403
237
449
243
185
194
154
68
333
81
74
0
warmup round (not counted): 0.340006
411
1787
1429
1111
1771
3342
6231
11709
10615
16237
17647
13932
12843
11087
10692
12544
19424
28147
20281
14395
10097
7366
5409
3154
1642
2095
2014
2140
3653
8010
7706
4812
3594
2507
2648
3658
4479
3700
2760
6065
5298
4512
4669
5701
4996
3980
3594
3791
5936
5328
7354
8885
8914
6629
4743
6094
4991
5365
5840
9062
11821
17029
21861
17450
10107
9508
9193
9621
8516
6292
5045
4242
4097
4006
4104
4548
4371
3494
4366
5073
5890
7813
7266
8177
11790
15801
21628
27720
22933
13388
11142
12412
16873
18463
22251
22299
24733
20460
18221
13010
12341
13350
11351
10661
10347
8636
8548
11332
18514
24386
22603
19940
22979
19578
20121
20481
17971
20180
18187
23232
29079
43955
35357
24201
22271
29408
26998
22605
19533
22478
34139
41409
37931
28882
22855
30359
32821
31381
27258
23133
22312
22678
15990
18443
21232
27552
38079
33595
24685
20043
21759
30497
37942
31171
19930
20158
27249
30959
36770
24425
19732
25558
30548
28553
30042
33444
29892
17670
13120
14550
14832
15762
14501
13577
10892
9487
12678
13742
17406
7816
3085
2290
1566
875
1006
676
296
392
349
217
432
226
174
183
178
72
344
83
63
0
round 1: 0.342306
contract
567
1511
1224
979
1264
2211
4716
8333
10639
10328
11351
4894
4642
3089
4509
4754
8528
7270
4222
2272
1533
1458
2290
1120
944
1243
1242
1338
3434
6327
4111
2664
1824
1555
1561
2394
2358
2004
2024
4303
3556
2759
2569
3416
2821
2195
1762
2453
3698
3040
5101
4444
3203
2441
2166
2545
2287
2955
3442
4866
7935
13807
10404
5659
4680
5644
5293
5050
4734
3461
3137
2773
2456
2694
2516
3230
2830
2461
2523
2871
3379
4636
4338
4940
6450
9571
13761
18693
8465
5533
5233
5601
9717
8822
11047
10853
11090
10515
7651
5953
5917
5209
5275
5777
5888
4742
4877
6604
12391
15597
10112
8248
7540
6821
7171
6983
8749
8072
6843
11211
17642
21677
12629
9381
9735
12292
11156
7473
7296
8167
14443
13380
9724
7240
7349
12127
15275
13514
8157
8456
11417
8065
5738
7565
9542
14415
13815
10094
7384
6368
9619
15712
12018
7494
6161
7160
12951
18660
17344
5802
7818
11943
15173
16494
12703
15272
9179
9013
9540
9112
9762
8484
6539
3888
2163
3192
5283
7892
7346
1439
897
382
469
410
440
371
159
222
448
168
141
143
121
103
107
56
184
61
37
0
warmup round (not counted): 0.275841
567
1480
722
1051
1240
1995
4769
9152
11147
10391
8052
4288
4304
3493
4775
6158
10025
8253
3852
2249
1537
1361
2218
1075
966
1315
1181
1576
3464
5499
4175
2836
1931
1491
1708
2409
1872
1824
2025
5102
3282
3133
2615
3124
2854
2296
1771
2525
3705
3468
6187
4779
3061
2770
2243
2834
2631
2912
3259
4880
7900
13563
10103
5549
4195
5152
4520
4544
4372
3460
3055
2773
2539
2573
2591
3162
2590
2442
2879
2842
3432
4816
4436
5216
6511
8835
13969
15696
8118
5825
5526
5713
9366
9007
11363
11756
10340
9630
6846
5335
5738
5765
5041
5872
5380
4816
4760
7702
13263
15582
9525
7449
6745
7001
7683
7223
8620
8621
7191
11120
17808
22600
12457
9828
9637
12712
10662
7269
6810
7870
13302
12286
8739
7640
8104
13017
16871
12823
8036
8314
11398
7893
6186
8262
9590
13557
15774
10398
7370
5896
9086
15962
12357
6852
6322
7856
12879
19176
16152
6913
8545
12803
14460
20793
15065
15314
8567
10259
12538
9215
8470
8017
5643
3571
2276
3584
5971
8277
5493
1422
1707
710
524
533
455
355
205
260
292
158
144
144
118
110
108
61
187
52
37
0
round 1: 0.276327
median running time: 0.342306	0.276327
average running time: 0.342306	0.276327
Info: Running verifier
dijkstra running time: 5.253214  
source: 19369880  
origin
174
1473
2490
3295
3746
5544
7963
7693
10143
13120
13258
24226
31177
28923
26234
27480
30226
42791
45268
45549
46869
48384
55441
56488
48038
53110
57259
59522
60793
60655
64033
70962
81644
79469
65926
67818
65920
67148
61969
64944
77393
55184
55147
54619
67353
78033
71199
70828
66687
60825
59417
59272
59619
61182
48608
46246
45875
41150
36764
36816
46481
38352
41186
43477
36966
36242
28238
27510
24915
26865
25255
22277
20851
22072
12965
9672
9261
9225
7771
5404
5929
6006
4984
4059
3706
3431
3649
3105
2709
2655
2363
1876
1595
1704
1688
1875
1642
1998
2268
5808
11139
10617
9607
6065
2589
1969
2141
3032
2118
1843
2251
1594
2004
4546
2637
1800
2852
3853
3283
5159
8789
10674
8628
15319
22442
17051
8517
5169
3475
3277
6469
4441
4114
4459
5712
5734
8213
9440
7983
7472
11428
20673
17983
15231
8002
3427
3040
2093
932
514
268
75
147
40
0
warmup round (not counted): 0.302200
174
1822
2773
3537
3392
4859
7725
8198
9174
13283
14805
24171
30961
33374
27903
28037
30381
44947
46672
46367
44658
50089
58306
51993
53347
50395
60059
63634
63016
68867
69209
75342
83808
88104
71281
73539
70185
77629
67481
72330
70310
52465
51637
53635
63122
68925
73424
70102
66909
68056
63075
65216
54226
67135
59940
54160
43928
37372
33948
37499
40398
39860
41548
46156
39191
33894
22504
21617
21842
26985
25074
21479
19297
21386
10769
8382
7474
6699
6329
4950
6156
7225
4882
3445
3645
3363
3953
3517
3143
2925
2452
2123
1656
1704
1701
1528
1774
1873
2476
5657
11207
10194
9426
5766
2054
1910
2218
2649
1974
1706
2447
1786
1910
3439
2545
1617
2347
3591
3825
5871
7768
10770
7889
16311
25996
21844
8859
6405
3548
3500
7266
4688
3455
4291
5344
6020
8639
8942
7611
9526
11281
17077
17170
16692
8552
3835
2773
1518
763
464
279
61
160
27
0
round 1: 0.308516
contract
158
987
1372
2499
1897
3100
4354
3236
3757
4671
6240
13028
14205
8554
7517
9339
12839
17970
15469
15096
18154
21926
24387
18837
18400
20174
22585
25437
29838
33513
32995
41100
47088
41029
29011
23145
33757
26173
26191
31401
24408
18708
21055
22772
41165
41751
31228
29693
25180
31146
29486
31428
32780
27745
21010
20538
18107
11312
9223
16053
14122
18272
20401
12451
6837
5652
4171
4761
4255
5099
4627
4896
6709
3965
2304
2188
2707
3406
2536
1903
3088
2821
2627
1925
1934
1693
1935
1466
1613
1700
1416
1344
1098
1167
1216
936
897
1221
1812
4416
7926
6748
4291
2371
1134
1232
1550
1439
1298
992
1567
1092
1836
2745
1235
1192
2195
1479
2277
3287
5790
5544
8754
19230
13609
6011
4856
2371
1319
2424
3756
2153
2237
2714
3056
3508
4350
4117
4327
5578
6934
8167
8175
6153
2401
1820
561
614
233
43
49
17
85
13
0
warmup round (not counted): 0.240412
158
1025
1356
2003
1759
3117
4080
3923
3782
4411
5578
11631
13006
8355
7380
10120
13584
19194
15748
15124
18407
20230
26126
18632
16062
20853
24904
26464
31472
32412
33535
41666
48955
39971
28986
26974
34827
28368
27221
32422
25086
21051
22296
26190
43982
39361
30887
28444
25371
30936
29419
33622
31503
23056
17177
14482
13001
10063
8533
14036
14252
15874
17506
9064
5823
4991
4030
4499
3937
4909
5158
5360
6307
4081
2501
2415
3122
3176
2333
1897
3059
2768
2431
1921
1958
1977
2210
1536
1557
1594
1438
1225
1081
1161
1196
889
884
1174
1704
4770
6967
6658
4779
2569
1114
1268
1362
1659
1267
998
1348
1009
1557
1933
1219
1083
1880
1498
2253
3642
6816
5735
8783
14398
13053
6205
4590
2641
1419
2607
3467
2211
2246
2519
3118
3316
4897
3733
4903
4685
7410
9514
8300
6763
2215
1662
459
591
218
102
49
17
83
17
0
round 1: 0.224844
median running time: 0.308516	0.224844
average running time: 0.308516	0.224844
Info: Running verifier
dijkstra running time: 5.600099  
source: 1431510   
origin
212
1627
2827
3541
2787
2291
2702
4088
6098
8749
8694
8046
9894
9810
11973
15937
17530
17296
20661
27672
41607
55258
49916
49773
43626
39706
46944
43788
40546
42244
47482
44992
45970
44710
48849
59632
56740
62774
68712
72290
57692
49199
47062
49999
44672
49989
52418
55012
62573
61138
57589
59657
53812
57674
63124
55835
49201
40090
31017
23366
23173
26623
28322
28124
27394
23681
29064
30103
40990
41824
42932
34176
30660
27862
21118
22249
22940
39875
36283
33888
19756
16381
15335
20164
19248
17763
24644
11962
7056
8113
5358
3830
4265
4489
4185
6094
7399
11668
9684
15119
24229
22698
8516
4508
4651
3789
5048
4429
2352
2563
3143
4010
5444
4800
7490
11260
13837
13055
11082
8022
6652
3986
2077
2341
2095
2002
3243
7135
4749
3713
5692
7040
2315
1891
1599
887
522
137
38
74
175
32
0
warmup round (not counted): 0.292147
212
1898
3064
3044
2939
2259
2851
3681
5313
9921
9243
8019
10463
10399
11649
14519
16629
18240
20215
27759
42868
58355
47837
45162
47681
39605
45903
48703
38829
41905
44359
40172
45097
42642
49514
61899
57280
65925
72515
75022
60597
50984
47999
51877
45833
50507
53192
57242
58437
63738
65621
61520
52233
59193
65239
51144
47024
39472
30652
26175
24147
29387
30792
28079
26629
26391
26573
30112
36161
35394
30637
35475
35285
31291
24897
22624
28214
34005
34657
30206
19806
15438
15467
19129
19199
20323
21627
9137
6305
7505
5687
4146
4090
4187
4253
6926
6979
12179
9524
14671
27054
23278
11761
5433
3298
2609
5068
3829
2190
2810
3298
3138
4829
4527
6722
14409
16575
12324
11611
7921
5979
3900
1934
2263
2196
1984
3235
6683
5007
4264
5588
7495
2590
2447
1318
629
247
350
51
90
164
32
0
round 1: 0.290004
contract
544
1827
1595
991
1126
1219
1651
2014
4979
5153
3717
4075
5887
5459
6305
8806
7813
7427
11173
15905
26800
25749
22211
20984
15816
15540
22954
17944
13750
18412
21648
19377
18144
20625
26381
26914
29069
36235
37620
30960
23655
19744
21959
22495
19706
19554
20835
27014
33931
31521
30400
26422
24142
32499
27792
16875
21765
15395
11016
9222
15578
16871
11620
12888
9128
11198
14945
15606
21408
18195
9848
9229
11434
9668
13362
14470
16329
17381
16156
7534
5661
4792
5985
8703
7988
10469
6059
2410
1992
4763
2910
1824
1995
1963
2297
3979
5827
8320
7961
12968
11146
3584
2219
2087
1830
1371
3386
1875
1150
1634
2058
1921
3345
2622
4788
7488
7875
7779
4969
3397
2515
1953
1356
1334
1280
1142
1907
5238
3014
1753
4358
4111
1216
801
529
193
68
53
20
48
97
17
0
warmup round (not counted): 0.246603
544
1872
1466
1178
1276
1130
1660
1943
3511
5819
3792
3852
5851
5320
5824
8978
8526
6923
9826
14707
26313
27920
19986
18297
16037
18686
22604
18257
14876
18654
19584
17792
17159
18845
26104
25856
28097
38512
38336
31129
20826
18425
21612
20980
19029
20420
20194
27121
32054
31826
33345
28750
25992
30554
26403
15344
19766
13598
10811
9211
13281
13530
12797
12784
9129
10159
14349
16480
20398
16925
7771
7766
9693
10346
12076
18082
17775
19842
14729
7056
4979
4518
5665
9094
7600
9955
5883
2680
2439
4315
3501
1603
1994
1805
2139
4043
6236
6739
6666
14567
12559
3930
2279
2002
1565
1376
3507
1932
1127
1426
2038
1547
2909
2389
5124
6584
8220
8156
5186
2748
2495
2076
1406
1329
1092
996
1852
5530
2968
1430
3853
4429
994
1004
345
119
57
57
22
54
87
17
0
round 1: 0.224150
median running time: 0.290004	0.224150
average running time: 0.290004	0.224150
Info: Running verifier
dijkstra running time: 5.626063  
source: 586739    
origin
47
358
602
929
956
1411
1098
1915
2228
3646
7801
6107
3734
2418
2923
4159
4654
3132
3608
2200
3944
5541
4004
4350
4910
3823
6074
8345
13494
17781
22589
30400
34304
25421
19244
16684
11077
10149
9618
7736
7741
8260
9437
10816
10710
11944
15627
17393
19293
30453
20337
15376
17705
20062
20851
28986
31418
20937
14586
13457
16945
20496
24766
26615
31142
23993
22453
21090
22413
22892
17367
19257
23554
13120
11732
14173
18927
29984
26235
22028
22903
22625
30140
30510
29561
25676
16893
17542
22464
26079
29802
40861
52501
45002
29382
27490
23475
20156
31473
38372
31422
23303
25265
31529
29526
29730
38095
38627
34519
30933
26746
25457
27452
32516
34302
33342
26627
23095
22804
34718
31375
29131
26147
18791
26128
29744
36604
26414
19062
28076
30476
28200
33372
30546
20612
17128
16416
17824
19377
21657
16418
13958
10660
10350
12217
11967
15916
15715
5807
2917
2169
1318
1255
1316
960
334
316
546
208
208
252
156
183
168
111
285
71
79
0
warmup round (not counted): 0.306936
47
347
570
870
1031
1171
1077
2047
2219
4243
10385
7722
3525
2701
2878
4112
5003
3101
2883
2795
4179
6393
4338
4333
4256
4227
6118
7990
11305
16901
22485
35281
29267
25306
17815
17114
12477
10545
8983
7702
7472
8281
9490
10870
10222
11296
14766
17146
23244
32923
21700
16058
17131
19635
22007
28198
31192
20067
13247
13494
17653
20225
23939
27779
30346
24243
23752
21597
23067
23954
18106
19346
23123
11578
11094
12535
20026
30211
25854
22933
24175
23886
28166
28254
27795
24264
17426
17845
21517
27893
32536
42033
50905
46815
36204
30038
23992
22127
31787
37195
37884
24750
23242
26878
29653
26155
34444
34472
30813
31519
24412
24272
25663
30350
34375
33825
22757
21927
23471
33150
30093
29946
24287
19990
26196
35531
40148
29416
18946
25336
27683
27863
32201
33050
19695
15866
15736
15846
14312
14278
12936
11588
9946
9989
10415
10744
14380
11161
4954
2241
1832
863
917
890
652
316
311
415
177
236
309
151
166
145
106
251
61
71
0
round 1: 0.298834
contract
37
230
370
451
655
887
631
1317
1366
3131
7539
2134
1574
1235
2020
2137
2641
1617
1793
1748
3838
3117
1926
2575
2613
2675
4350
5112
7718
12655
16588
19374
8440
8203
9749
5593
5624
6055
5452
4498
4154
4763
5118
7028
6068
6375
9250
10311
14455
12291
7206
6762
8180
9255
13329
16236
11865
8178
6470
7048
9313
10194
12241
14474
12977
12038
11811
10020
12553
9831
9977
11410
8301
5845
5504
7097
12023
15730
12117
9571
8567
8525
11179
15485
11962
8744
6699
8112
11093
11229
16173
23763
19248
19165
11409
9688
7588
7202
14311
13763
8869
6631
7928
9829
9457
10240
12734
14389
11091
12592
8951
8032
9248
15087
16021
13699
7630
6852
10013
15843
9582
7701
6497
6478
12381
17284
17761
7933
7682
13343
13849
14503
15721
14196
8910
10435
12656
10750
8043
5999
5047
3847
2177
2774
4311
7066
8838
3350
1110
318
435
202
282
378
326
192
211
561
119
120
131
112
119
98
70
196
41
36
0
warmup round (not counted): 0.238769
37
218
369
446
645
783
563
1227
1295
3644
7547
2470
1645
1210
1889
2722
3056
1849
1500
1949
3369
2386
2057
3022
2511
2388
3790
5246
8513
13287
20960
22760
9144
8484
8614
5150
6127
6065
5081
4549
4437
4968
4955
6659
6332
6185
8200
9658
14813
11606
7301
6551
8367
9741
12597
15336
11530
7976
6199
6997
9000
10088
11585
14611
13732
12115
11751
9859
11658
9163
9540
12286
8157
6482
5493
7334
11782
15682
12507
10312
8577
8576
11543
15859
12819
8293
6943
7729
11559
12284
17257
25178
22543
21291
10723
8568
7711
7641
14546
14965
9307
6596
7835
9397
8182
10352
14116
15809
11181
11585
9122
8728
8935
15210
15757
12975
7266
7184
10379
17359
10749
10244
6879
6759
11997
16374
17926
7611
7829
11951
13653
14983
14753
14485
10244
9694
14448
14892
10185
8317
5173
4483
3169
2919
4685
7078
8539
2931
1236
557
352
557
323
458
565
176
200
563
145
122
145
111
117
114
76
127
68
44
0
round 1: 0.248590
median running time: 0.298834	0.248590
average running time: 0.298834	0.248590
Info: Running verifier
dijkstra running time: 5.406644  
