Info: Reading pbbs format
Running on /data0/zwan018/origin/RoadUSA_sym_wgh.adj: |V|=23947348, |E|=57708624, param=65536, num_src=10, num_round=1
Info: Reading graph
Info: Reading pbbs format
Info: Reading graph
Info: Reading pbbs format
source: 4278411   
origin
394
1438
2204
6474
13030
14738
18440
29191
40832
36954
33170
34214
41674
47793
60876
78231
84032
72373
77105
75530
61634
71160
72491
71475
73901
64791
78774
74513
70790
57056
56235
60934
57704
56186
65128
65570
81825
86178
74491
73874
74103
68909
71854
84169
100147
102369
109695
114984
106249
103086
104361
113654
123794
123472
120994
114542
110173
99325
99447
102935
103694
87081
98233
100527
81193
70502
72495
72258
83137
91373
81637
91950
87534
95876
98987
80083
64095
74689
73412
85855
80256
77273
86696
92726
100188
89433
82346
85497
95930
86229
67495
70123
68553
67141
67375
64551
75652
80297
72553
69131
76857
81822
75122
75906
66523
82330
99980
105742
89059
63950
65364
77451
61899
65177
67971
61356
56834
59306
49442
33205
35097
42881
41632
33563
17024
8356
5528
3187
2085
809
249
0
warmup round (not counted): 0.443912
394
1852
4895
8524
15096
15352
23309
35022
34171
32496
34342
33133
43940
56836
92792
98595
89737
80071
73535
71356
64664
71069
83030
65787
71707
80277
75086
65282
75701
68669
58159
59783
56081
56588
58101
72866
83021
70582
64050
86478
82870
72953
70281
89379
97884
110285
113145
110863
105200
95686
99781
113390
121075
129725
114847
117482
109175
103687
97900
98555
92106
84255
94125
83292
75033
71211
70177
74822
81670
78000
87167
94771
96846
84071
66103
68900
77273
79393
80973
78814
76992
88042
91416
90350
81217
87237
89416
88008
72517
67734
67285
68856
66651
69181
70363
81906
72003
62499
75766
77054
70098
77946
70098
74896
94188
100038
91442
63437
67291
68647
61838
59625
61093
69877
68000
58253
42327
38637
35647
37811
35150
31267
19058
8829
5620
3731
1975
858
261
0
round 1: 0.421170
contract
457
2382
6504
10817
18656
33616
36299
34208
33985
58054
84809
87532
73993
70641
65284
100388
63361
61920
75303
63199
51154
72356
62472
55254
75674
90072
83864
89766
104865
104546
93848
112082
124879
121829
101428
104314
102691
101360
97198
88611
66676
73760
77681
87784
91579
95439
85511
66341
75786
83478
67612
89692
99590
82593
94544
89382
63527
77847
65806
69725
78214
77971
70646
74266
71706
70500
104695
110140
85008
76003
70100
73457
67088
59176
60837
63195
50281
41291
40144
19308
4937
2719
1531
266
193
0
warmup round (not counted): 0.309788
457
2246
7080
11781
16362
33359
35253
33893
48766
67531
86840
82177
81969
63763
85985
68997
58848
69047
71730
71313
53000
57867
59895
73500
68109
80007
70137
74808
104833
112667
101414
96279
112718
126056
119786
108856
115104
104739
103140
109731
100702
95034
75416
76522
72381
87310
84066
92689
97650
85892
60152
70876
86987
72922
83031
101155
95402
83569
91275
82506
71257
70741
65090
77851
82984
71476
77902
86006
70904
67904
98145
116692
102729
79660
66222
69548
76708
65884
67333
57859
47146
40954
40504
25045
9732
3730
1349
448
179
0
round 1: 0.282380
median running time: 0.421170	0.282380
average running time: 0.421170	0.282380
Info: Running verifier
dijkstra running time: 5.370412  
source: 11348062  
origin
219
1753
2914
5196
14088
28042
35634
34914
50318
66035
79813
98099
111215
125769
112306
92584
96143
87469
91871
98817
118556
130624
128107
115245
111339
113471
105176
96910
92486
103966
112537
120429
122680
106552
126636
147158
139049
112225
124678
129825
121792
102844
77020
85172
85306
79852
87579
94762
84215
85934
90449
91299
99297
106619
104955
101975
106172
107470
103796
97374
95544
90001
84769
83394
88512
79780
73451
60735
67842
81322
82835
70345
62642
71897
78158
83823
83741
79631
80720
95021
100675
97800
84627
84052
76910
77549
90248
82635
81804
71114
58559
53949
47726
48388
38864
43865
54747
51977
51228
37410
29356
27730
22032
24172
30835
20915
9916
4890
2398
3185
1466
362
26
0
warmup round (not counted): 0.374299
219
1964
3542
8184
15548
28465
35452
39654
56115
72751
90076
103313
98242
102190
84220
82681
90721
97763
94385
98862
125739
129910
121044
110949
105769
109498
104936
90000
92764
107639
115863
118195
113822
125773
144116
135771
122732
120143
121941
119563
114318
96764
76716
83648
84087
86855
90399
89155
92153
89129
91262
89208
101302
104436
96263
107542
101144
91279
89900
99825
78994
80350
90750
95005
85441
69673
58960
70394
80337
84304
76245
63372
65634
74543
86807
85427
80931
81432
100225
96672
98643
92207
84515
88597
84869
91060
83074
83101
64260
54313
52905
44816
43599
34893
39994
43825
54762
64767
52890
35758
29493
23469
30329
25708
10709
9343
7270
5205
2373
1025
39
0
round 1: 0.340307
contract
335
2058
5913
17653
28855
38457
65747
103451
112451
116427
92228
77554
109848
135929
128077
103203
105035
95119
94775
115412
125207
125867
135788
138784
126292
132483
124913
118967
84245
82925
86583
93318
79064
86592
105384
98395
103069
97355
100209
100271
97428
94714
84166
89723
88241
70655
66741
92382
80858
72462
70313
96294
81930
83498
98553
98892
77895
81264
97733
97674
88751
70896
53023
50413
51185
45417
43989
61741
36383
23934
19210
20546
17910
10282
5171
2856
1774
378
0
warmup round (not counted): 0.260807
335
2374
5030
18938
30403
39358
63924
104967
116273
108112
85013
80498
103732
128270
116240
96120
104271
94440
90184
118147
130638
129065
124671
142821
123495
130711
123846
116399
89046
75143
88734
101846
88169
85143
97899
101578
104831
104687
107102
108342
108859
107761
85113
90214
96530
81994
65299
77356
91714
73343
66487
91639
96088
87816
91813
99915
93761
84614
84775
100718
94201
83939
62487
44050
42709
46922
44211
51096
50096
33237
46657
48098
17864
11018
4866
1627
1573
588
132
0
round 1: 0.249278
median running time: 0.340307	0.249278
average running time: 0.340307	0.249278
Info: Running verifier
dijkstra running time: 5.619864  
source: 16267039  
origin
349
6009
14693
28020
53915
73212
83969
93350
107718
129658
131914
126991
104595
99246
105004
105065
103369
98659
91768
108921
106564
124248
106464
98688
102897
114554
123444
114699
119952
136991
124619
121813
121076
112320
107188
108773
126183
126580
123636
132457
115375
119504
118739
130956
125560
108924
101809
109417
117674
121062
126056
116659
101686
99321
100894
103678
101417
82379
83735
79879
78840
72550
74415
73906
76228
102346
101776
91434
99793
99088
87518
71096
89454
98608
82061
64242
86205
82521
74003
57188
61454
73800
93270
103962
81613
69758
69784
60629
57857
55539
46219
37621
37164
24257
10258
5099
3716
1894
1248
327
65
0
warmup round (not counted): 0.314281
349
6280
16853
28052
48862
80317
80984
93404
97556
110914
111352
110357
95961
100359
103696
111948
106734
93657
93618
101622
118954
121958
108198
92565
105982
126534
126604
122466
126653
124723
130115
119033
115302
113841
110820
105750
113730
131754
135606
128608
110396
108942
127494
135682
125711
109307
105722
105592
120921
125663
128320
113121
98628
106013
103122
100439
92811
84427
79966
80468
78070
78975
75789
77232
83303
92368
91519
94085
103463
99167
76652
71256
95626
92211
74395
60487
72565
87635
63395
53238
65661
89674
100435
89517
75697
72800
65169
67767
56656
57161
60796
51268
30200
15778
7223
5040
1882
834
311
156
101
0
round 1: 0.295173
contract
588
8543
23455
49377
72891
93698
127590
132379
114954
106209
104701
95533
98810
108747
125805
112245
99450
120916
117373
117127
125572
116133
120817
117196
114813
131226
130467
132704
122606
120882
137632
120788
109403
125837
126412
124966
114053
102348
113195
107926
93853
80105
84387
78041
82995
89386
109138
109022
108865
90734
75171
103545
80464
68823
78338
79586
48987
69015
111026
94782
86588
73820
60116
37443
32227
36111
18716
4659
1729
620
241
18
0
warmup round (not counted): 0.253525
588
8534
21914
50581
69954
98665
119616
124304
109404
101804
110841
101680
111457
109135
131776
107814
96483
120380
119238
123997
132668
126539
114683
110982
122641
131487
144677
127872
115721
130495
123583
114315
118954
123665
121407
116086
112432
112289
114424
101979
86124
87936
79296
78992
87295
100410
102222
105909
102526
77705
79379
104498
69140
72700
83765
74840
57744
68217
96020
105161
89199
72963
43878
27829
28989
27509
16350
4114
1489
292
38
0
round 1: 0.227168
median running time: 0.295173	0.227168
average running time: 0.295173	0.227168
Info: Running verifier
dijkstra running time: 5.808560  
source: 20893735  
origin
116
794
1763
5233
6577
11737
18223
36711
40628
46439
45276
41401
38693
47162
54352
46877
53444
59824
63024
84156
111448
104898
115635
117113
122336
110088
97082
79294
76761
86237
76583
82124
75788
65143
83135
78272
70269
68890
83805
75777
79366
82241
91237
78893
69789
81878
78694
83260
83328
83428
88475
90022
100501
101950
93493
97007
89748
89919
93944
87165
96162
91857
86490
81855
75860
81683
78090
77351
86296
88130
75391
85711
94536
86370
86611
87192
83826
99657
109286
107845
103614
111901
106050
100237
92594
83577
86076
96178
78332
77998
71358
67616
69812
60683
67749
74756
79327
64452
67664
77111
77415
80940
84284
69168
92691
97112
93477
87822
80250
82309
83069
85605
81337
84640
75130
65759
61077
53902
50402
47428
39772
43466
46144
56963
52886
43734
38280
26893
27093
19779
23014
14559
9002
7467
5728
3351
1262
860
232
0
warmup round (not counted): 0.428243
116
839
2650
5046
6764
8780
16291
26118
31074
39246
49721
45902
41108
36638
41553
42946
48549
58588
68935
89552
100128
112363
108143
115487
123998
125533
113881
97513
81092
75019
74794
64145
73689
80537
73370
68661
89579
77813
77015
72549
94158
85970
72258
78119
83100
92441
76698
71011
69156
94745
88254
80695
84921
93126
98178
104365
91075
75720
85593
95004
86762
88425
94028
86901
78909
83291
84281
73872
78684
83241
78457
80982
82687
92306
83852
84455
86036
86912
103260
104510
105198
115703
117506
100825
84015
86031
89295
92760
87536
72061
69182
82406
75423
75069
69380
69016
78389
83325
68301
60711
69385
74021
83120
86066
80577
79610
91573
96949
94830
83829
82045
86724
81093
89652
90831
92025
80170
61943
64329
60114
57513
41010
37140
42296
50118
55977
53881
35655
29398
20068
21013
23511
23193
9065
5846
4626
3478
1374
843
41
0
round 1: 0.432823
contract
126
856
3642
5532
10694
22338
31231
31846
33019
39479
42172
54545
85417
105806
109193
92323
82155
66369
77687
75731
78312
79251
82941
81990
68962
94635
86142
73972
74901
87858
77348
84552
94283
92932
74577
85065
97307
98077
84919
80276
84146
86238
80576
82159
98186
97303
93536
86447
92426
107585
108587
108348
88027
82852
92063
87673
73284
77748
68953
66679
80392
83931
67677
73865
86291
84052
85512
104928
99003
78971
85686
97111
102620
96229
74945
62180
55544
48269
43091
56673
60347
46582
32018
35277
21544
10427
6379
4724
2423
1231
9
0
warmup round (not counted): 0.311091
126
700
2811
5713
9626
19905
28079
36307
35177
35148
43952
49395
71371
99415
111843
113772
103155
73167
67176
80202
77959
81000
85726
70331
85018
85021
84986
79759
75189
69760
78031
83489
108596
101619
82452
80758
93760
90030
90110
90289
79797
80747
89228
83468
91633
83532
89747
90776
92012
105344
102659
101886
95996
84772
86039
95515
71030
68755
76591
60418
71591
84210
71398
66509
87635
95425
89779
101441
98511
86443
79883
92021
96235
92169
80530
57163
57683
53385
49813
56539
64363
37174
27321
21974
22334
20213
9252
3723
1134
1019
256
0
round 1: 0.285116
median running time: 0.432823	0.285116
average running time: 0.432823	0.285116
Info: Running verifier
dijkstra running time: 5.332512  
source: 9352686   
origin
350
5799
13435
26582
47042
56429
52160
61781
64048
71231
90314
97935
102430
106176
104103
100943
93928
84772
88440
93705
88334
84524
89228
81990
81818
99297
93597
98517
106407
126875
123775
107683
97958
109190
111548
123030
114637
126291
136143
133195
116139
123771
116097
125868
125348
125219
121072
118027
120888
122820
123937
113334
106338
112286
94009
93031
98865
100521
96359
89276
94479
77228
76801
74677
102355
98864
89437
95416
87331
79069
80767
76071
76548
80968
82727
81449
88731
66524
62252
72663
70086
62023
61319
71123
49705
34317
40535
33451
50165
85229
69348
39392
37958
47876
70118
70820
83408
128882
140319
124926
103765
87577
54858
45019
39169
18837
11100
4071
2267
437
57
0
warmup round (not counted): 0.356986
350
6130
12740
27796
45449
51049
43426
53458
50646
69946
83595
99734
99634
98278
88326
80663
82001
96717
98245
91940
91029
90246
92638
93721
96154
89571
86891
107896
125557
125030
111773
99999
106075
116918
116565
121125
118083
124780
129298
122374
118067
119952
127571
130522
133030
126445
127229
116230
115370
122799
125583
118302
113512
104554
97151
96367
98011
100958
96439
81774
86814
71703
83506
87245
94589
98927
90336
81575
85967
84332
80964
71727
85125
89618
82843
70796
72589
71588
68787
60693
67965
58620
57545
52554
46156
39916
41146
57232
78252
83480
50193
36614
36405
54060
69304
74678
108797
146323
141081
119572
89332
53396
40665
30511
15261
11257
5050
2185
648
0
round 1: 0.357160
contract
510
7850
24143
56183
46700
42452
59372
91665
97616
102780
93717
95553
97502
95631
100106
99394
92488
97942
106491
98377
115781
134422
128233
116145
127994
136744
137048
137476
140798
138955
129240
131747
137411
137546
137650
125916
121585
112269
115360
120066
97762
98358
105786
96857
85075
76499
79270
98175
99962
97173
87118
90237
74753
83053
81484
81222
61256
74601
64898
60157
55736
39663
41019
68132
68027
48923
49464
66558
129784
143966
120168
78105
38662
29604
12351
4362
1211
42
0
warmup round (not counted): 0.264736
510
7726
22483
53591
45050
49967
51414
77368
112941
106628
109370
97696
101543
96179
92749
100293
102035
91761
99767
97308
105609
131272
137460
126028
108231
119787
130038
131392
134491
134215
122924
129349
134111
143795
140237
122538
120923
118291
110028
116537
98321
95996
102920
96760
82831
80961
83519
87340
90361
93458
97642
81066
85273
82272
72309
77056
62401
69659
64603
64053
56860
42545
51986
78117
57687
48416
62093
102829
112182
105715
91881
65704
37727
15908
7439
613
1
0
round 1: 0.251102
median running time: 0.357160	0.251102
average running time: 0.357160	0.251102
Info: Running verifier
dijkstra running time: 5.474657  
source: 8715930   
origin
76
1128
3301
7700
19115
32576
45854
52649
73814
101621
97436
90812
90241
97512
106166
126202
118513
116406
111626
108846
97665
108527
119568
126207
120681
111983
105832
96337
116537
108902
109571
111427
113907
104085
104577
106220
110800
96099
94066
89504
97797
98566
88741
97039
105600
112776
121855
106239
102856
109857
106318
106377
107473
100526
96059
96266
109738
105856
100922
110938
110525
93037
82583
89758
82497
86550
88620
77764
70184
72096
74789
92283
94738
73237
52771
53002
62874
60069
46567
31545
35608
38759
43617
45587
57002
69026
65835
51591
54626
37784
42226
71629
103306
101355
105561
117427
119974
108272
86664
56754
51989
66545
73081
66662
41468
23256
8792
4481
2450
1246
602
360
17
0
warmup round (not counted): 0.364216
76
950
3412
6052
19380
33156
39127
52883
72269
98542
102229
99353
92938
99070
109609
115411
119751
122391
121158
113698
98687
109035
128754
129047
126920
113588
113633
98202
111880
112846
106594
105731
111496
111136
108239
108187
107048
101941
89787
95631
85744
92662
88114
100082
103578
113094
114133
109053
106298
112999
111868
100546
108442
111430
106421
99813
101532
111652
117547
110008
109054
111452
96097
85330
88516
79703
79122
87115
82934
73144
75865
76973
87514
85712
76392
60164
57841
59553
54295
49918
41066
36202
39013
47197
58540
61672
63651
47822
50365
48172
44430
59421
83548
97062
91321
89029
106671
123726
98212
66930
73526
58005
75397
78939
69791
41224
25449
6043
1811
1307
701
435
0
round 1: 0.349116
contract
150
2548
10792
28873
48084
96138
117591
110476
101184
121021
139046
130409
125464
119057
115883
121052
134489
124188
120744
105090
112997
115829
110730
117324
108401
108789
113273
104904
97225
102343
98465
109359
105137
121512
117199
116493
104413
115087
108963
97118
95941
99846
109806
100725
87762
81864
84057
83521
70737
73079
95868
94181
61638
50673
48853
42114
38229
45756
47283
46850
64653
61345
53119
78171
97280
93942
103506
106033
86813
55779
74932
91255
55397
26760
2209
496
0
warmup round (not counted): 0.266184
150
2731
11594
28860
54884
95326
104439
103199
103948
118186
135286
131705
127884
124044
109454
118121
131618
134389
126174
109563
113065
124235
107904
117796
115719
113043
113576
101090
90982
96251
104777
100807
112340
115756
114858
122676
107093
104301
108259
106894
94165
102656
100780
108089
96828
83504
78438
85755
78718
65892
86022
106755
82993
50570
45057
42712
46343
39606
46942
51020
56518
63991
51180
75083
81919
106955
100726
102133
89892
56307
82599
86238
60240
38131
15774
8076
2991
350
181
0
round 1: 0.262475
median running time: 0.349116	0.262475
average running time: 0.349116	0.262475
Info: Running verifier
dijkstra running time: 5.492097  
source: 779116    
origin
411
4037
7665
17584
32619
41360
57644
82375
77991
65494
70041
56429
52631
64850
90130
91076
82442
77692
59678
60344
61481
68369
71469
82849
83532
79399
57799
91808
113764
117513
101296
89994
83106
87435
74401
66259
62064
77760
88986
90710
95520
89367
83924
88704
115448
113103
85859
89389
97596
105151
100759
97861
110896
101455
87031
88741
83927
86263
85296
79862
74805
77074
77744
76604
94459
95484
85361
93910
88002
85688
98890
95874
68471
71796
83147
83932
78019
82001
96346
85806
85120
89872
80631
94070
88551
80568
79572
65064
67999
77057
74593
73153
69770
68633
64585
68715
78997
76493
67638
74240
81540
78241
65536
54444
65567
83167
74867
62248
59948
60608
50586
42499
50323
50987
46682
49052
48644
48978
46554
34768
19348
13083
12032
10435
7894
7776
6713
4482
2095
1928
890
597
462
137
0
warmup round (not counted): 0.419713
411
3457
8120
22003
42604
38517
53727
83070
67962
69482
74950
62500
55923
70194
83612
89621
68925
56784
71453
66676
60134
55554
69616
71491
83378
82295
67744
86327
108802
130924
136907
107307
86988
80376
82979
70899
64357
64595
84569
87092
92827
98179
90105
87938
85891
110103
109593
92531
94143
100314
95232
96127
100192
98294
100923
85350
88870
85780
86118
74979
78168
81008
87588
78195
89608
90497
88867
90094
85490
79937
96638
97292
76544
64166
87110
87921
81397
67732
94983
95608
86913
81126
85700
80724
86201
81270
71149
62243
66688
72815
75590
72878
78552
74760
63281
64034
74153
81405
70605
78337
75883
72390
70700
58629
63206
78502
76721
68260
53182
47613
44112
38433
48443
58579
48240
47576
45716
53577
49908
37747
22971
14404
11506
11782
8206
8110
7146
8076
7847
7016
3332
1685
1970
1263
343
407
73
63
0
round 1: 0.422314
contract
573
5098
17705
38516
72318
94716
98063
74131
58883
71727
67957
67904
64057
53034
62763
86216
93389
80182
104103
99062
88522
83836
77868
62184
76965
90259
85391
87570
106543
101537
90937
93904
100601
94369
96850
92792
95127
80783
77305
84704
79959
67471
93993
88064
82334
87693
99848
72851
76770
82195
79374
98469
92660
81924
91715
88112
71817
72297
67685
67796
82164
64172
61026
79466
85069
85718
80566
74684
54942
74237
75720
69356
56983
47698
43646
53293
48832
54050
47924
35711
15512
8729
6596
5718
4045
3700
1790
847
136
142
0
warmup round (not counted): 0.283434
573
5263
17375
37347
61486
100816
92682
65642
58256
63838
90593
78932
57304
56420
65937
89003
93543
90996
99788
87881
85298
78160
62049
62965
87920
100718
102385
109473
113832
103807
86150
95856
108785
99895
95460
84119
96695
83367
75904
77589
92646
83816
83518
82111
92918
96862
81416
66157
84690
80931
89077
95967
91836
90934
91351
89375
76053
69395
67273
68637
82883
68175
62646
91723
74022
79857
83328
71698
52694
66156
75124
64599
60182
45988
47622
44803
42642
53748
40858
18514
8764
5192
4263
3263
3692
2686
1844
1504
462
49
50
0
round 1: 0.276096
median running time: 0.422314	0.276096
average running time: 0.422314	0.276096
Info: Running verifier
dijkstra running time: 5.196878  
source: 19369880  
origin
174
2807
7494
18602
27905
41078
56721
71981
83305
76480
89508
92774
96499
99841
98660
101597
111369
114354
129647
134049
116540
117293
122332
126247
123851
118705
118597
118321
111849
122480
126478
131757
130330
122782
113123
109252
113096
123710
125799
109658
108856
123577
119618
113457
109266
117028
121265
134500
132622
122761
129846
132084
108949
106992
121161
122979
113813
115057
110006
91286
95624
97529
93486
92470
93133
91404
91861
90141
85222
82741
67410
69694
71052
54478
54746
49885
42302
42612
37282
36377
50489
73479
73250
55462
38584
41456
48019
67869
72152
73074
90205
86796
95217
100064
93052
61242
44619
50354
56522
74160
70023
53490
37455
21501
8295
5140
2584
1109
447
12
0
warmup round (not counted): 0.352373
174
2443
7816
20959
32487
38635
49748
61507
80161
88880
96812
103040
92838
95214
100837
102722
110089
117309
123110
117924
123165
116037
125175
120613
127328
125525
122521
116863
119608
116584
116078
132031
134469
124873
121971
113564
114296
119710
126789
118369
111397
125484
116550
112144
111029
113369
128476
136402
134614
136728
125777
123026
118769
115562
123895
124456
111295
110088
114595
101350
104102
95424
92937
85304
95747
97733
89345
92068
94215
77693
75284
70298
70217
58287
59747
58774
49434
45047
43650
42662
59047
80834
73733
61455
39659
34188
43183
60943
42645
54961
87618
79070
84156
88679
94722
67353
53350
52281
56223
79972
69959
58126
46223
23646
12937
7187
5349
2328
684
494
267
0
round 1: 0.343414
contract
228
5881
19398
41890
68933
98929
87704
95499
98639
108712
114087
123477
132064
125983
127365
140053
132290
125509
122463
132833
134381
134684
137421
132301
124561
124957
132897
113675
121437
120877
115801
126423
133766
140805
131765
120406
120057
111002
114821
122690
112424
105696
97775
90815
82458
95901
94327
92163
81477
71628
63048
58727
56673
39398
37096
54554
66203
55514
40789
50241
67051
92339
93532
85576
96912
81891
61079
64924
80693
55774
19664
5410
3383
2303
889
443
425
0
warmup round (not counted): 0.244766
228
5260
19101
38119
56943
84946
90538
93172
104006
106096
107039
121358
127242
138710
131555
138867
135752
125646
119423
125212
132405
144763
138125
124344
119961
112908
126927
122097
121043
128949
117716
115676
123491
136942
138770
125702
112079
107646
119666
118969
116842
110790
96535
95284
91124
90723
93505
96111
92942
71367
77064
72004
52990
50777
40838
40691
46034
64126
54090
39508
42906
62862
103969
110234
104360
100271
77119
59860
65549
65362
48584
15431
4401
2523
976
313
107
0
round 1: 0.232220
median running time: 0.343414	0.232220
average running time: 0.343414	0.232220
Info: Running verifier
dijkstra running time: 5.553542  
source: 1431510   
origin
212
2218
6537
13325
25273
37858
58180
76976
85484
90781
93009
96644
94410
95976
122535
129210
118438
106507
115124
117374
111651
119808
110519
112053
110004
122011
130066
131859
132972
136176
131027
148826
150924
150580
162892
169537
153039
160361
153619
151764
148612
145697
139258
133567
128348
135231
136322
129862
130570
129421
120549
119725
110930
103225
117426
122713
105195
99922
95525
100237
75619
75001
93816
98123
80028
82129
82721
82411
75125
70376
78140
74766
76796
86749
66430
63947
68066
72639
57711
72420
75843
83711
76144
65576
57215
67657
84538
53464
45714
41523
56479
74359
74787
58788
50383
48237
48910
42243
38723
22670
12734
6685
3430
1670
1047
590
434
278
81
0
warmup round (not counted): 0.340506
212
2578
6451
12409
20794
37136
59507
68513
90589
104022
92115
91025
86863
102105
118142
118649
114356
114701
117855
108436
110361
114808
113159
114173
112242
129677
131298
125086
128822
134853
133805
145492
144046
146513
161483
159367
163839
158363
151534
145391
141971
139543
135813
140127
131135
134827
129168
128411
130270
127445
123360
130079
118810
114139
111936
117931
108376
96477
93951
97660
79558
78524
83844
91101
80402
88998
88071
80244
72531
72915
72380
79646
90979
72643
55114
62386
75958
63120
60087
79777
80274
74808
74151
66741
64913
72084
74113
58327
48120
47996
60689
75924
68793
51812
48314
49615
47260
42998
34908
22700
11150
8041
3857
2028
1335
619
468
234
57
0
round 1: 0.332512
contract
544
5041
11163
33566
63212
86311
100896
92205
104129
130590
127100
115607
117029
121139
117226
118673
108456
125943
115114
131538
143201
160333
148477
161210
165660
159055
150121
144125
142659
135693
139302
141244
141687
136360
131975
127133
129247
117055
128439
109303
104804
101887
72091
88632
100485
81007
82563
87883
65432
102673
118422
98445
71848
65384
75310
61876
75309
84860
78434
46856
66089
78037
48934
50292
63186
60223
50843
46770
21544
6371
2807
1131
136
0
warmup round (not counted): 0.229822
544
3944
10757
27837
63937
104257
89228
84654
102272
129756
124416
110802
107741
109306
116347
116534
116270
124587
122930
132441
150863
154458
156997
165591
165280
164855
153127
139996
140631
134728
140215
138908
137359
137960
122202
125368
124587
125272
120942
109497
101583
89212
76155
99693
91509
79489
85700
79903
74259
79225
80626
69266
72879
66737
65587
80663
85841
80207
52920
64467
71252
59295
62598
75951
52726
52633
51034
28528
6949
2638
1334
144
0
round 1: 0.235778
median running time: 0.332512	0.235778
average running time: 0.332512	0.235778
Info: Running verifier
dijkstra running time: 5.585645  
source: 586739    
origin
230
2823
6616
14634
32343
44037
42665
48830
45514
66300
105981
99652
102235
99595
106202
114960
102806
85537
77064
75899
77303
80577
93218
94454
101131
104562
99274
92453
92385
87293
102689
111254
90598
80995
109815
108290
101914
101047
91021
92100
102979
106348
91406
91029
88536
80623
93486
108408
109548
97391
92270
100087
98138
91473
90637
83163
94254
94833
90181
97981
102400
84718
80120
84882
68148
88339
86622
83119
81895
84116
86078
80997
81573
84300
76824
62858
78224
77810
68612
75389
67084
58638
65120
77858
76090
70975
81307
68134
67775
63522
73604
61140
68987
68271
58563
57542
47069
40870
39211
44421
47448
45710
48522
55441
60720
49348
29876
19662
16775
17199
11141
7192
4557
1764
648
133
257
243
136
0
warmup round (not counted): 0.357513
230
2287
7662
19780
44892
52332
43168
45696
46509
74640
89945
93644
94104
97191
118198
115748
111371
84149
69565
84041
75756
82282
90947
100626
108737
105487
95747
79733
87036
92135
103699
100879
78131
94893
112220
109912
100106
97394
90069
99413
95090
91731
99833
98247
84742
86971
106583
112967
101979
94402
103429
103176
93973
88744
90212
91654
99905
92521
98276
105895
91366
76047
80307
82430
82921
82370
81904
78234
90387
87143
82431
85904
91465
85463
72938
67638
69436
75348
73680
75395
64290
63538
78789
72355
78029
75011
67971
80568
83241
70455
57199
57837
75930
79690
67563
62430
65232
53119
50768
60424
55764
54357
54354
53780
53893
59156
51751
38867
26743
19643
16720
14200
13145
12131
10025
10902
7074
3440
2780
1350
906
566
208
126
0
round 1: 0.379480
contract
321
4586
10400
34033
56096
51350
62554
87046
119472
122970
129380
116583
76956
76488
80067
98886
115577
109746
88212
94392
112941
100383
82682
107450
103203
108470
100398
97021
97952
89750
83754
86555
100892
91278
101170
94179
86285
87131
101302
95291
97591
84686
74700
85357
86062
78847
80506
84851
89611
87343
71544
72800
74800
67167
68990
70618
79266
74089
87579
78792
68567
64797
65871
80668
63697
53491
40995
46599
41180
49179
47367
32876
11261
7547
3409
1421
576
429
208
0
warmup round (not counted): 0.250312
321
4708
11987
32802
40687
63562
85289
90172
103790
107843
106177
92955
69205
76306
82683
93723
111896
103862
92728
99950
113446
102231
89647
103054
110423
106873
103714
102038
98111
88810
80154
101616
107160
91297
97550
87099
81044
96588
104471
101209
97338
82072
76010
85335
79189
76366
94383
89524
88445
82435
76777
69922
65304
86812
62960
72270
80124
69744
92470
80183
67145
60080
60790
78854
62074
54849
38976
43275
47460
50530
52419
37226
14404
8542
6310
5118
3731
3055
2180
868
571
122
51
0
round 1: 0.246955
median running time: 0.379480	0.246955
average running time: 0.379480	0.246955
Info: Running verifier
dijkstra running time: 5.399546  
