Info: Reading pbbs format
Running on /data0/zwan018/origin/Germany_sym_wgh.adj: |V|=12277375, |E|=32266600, param=2097152, num_src=10, num_round=1
Info: Reading graph
Info: Reading pbbs format
Info: Reading graph
Info: Reading pbbs format
source: 529       
origin
493
7203
14253
14554
13375
18710
27177
44256
45117
47634
44503
36890
38506
41144
52825
45476
38027
31109
31421
44230
33814
24217
21465
22538
22226
19978
19310
23820
39899
39210
46045
51954
48453
51088
60347
81193
97809
135494
127728
102788
63222
39712
36016
28257
25929
21029
21150
22515
16865
15107
13602
20798
24534
25465
27024
22335
14477
9936
9579
13069
10650
9267
16956
16350
17598
15279
14000
11046
9560
8492
11900
20052
24789
17765
7425
6252
6366
6372
5859
3220
3599
2758
895
714
837
911
822
1822
877
114
217
402
222
171
113
106
23
1
0
warmup round (not counted): 0.287897
493
7268
12068
13268
12219
17427
27901
39627
39775
45318
44002
37467
35498
38147
52251
46744
39909
27529
29831
41955
35599
24491
19220
22082
22917
19680
18808
23420
38464
41767
43682
51336
51370
55063
60287
81725
101334
139568
133464
105156
68899
45273
38775
28871
26503
21449
24193
22936
17214
15184
13812
19742
24805
23634
27761
25517
16108
9862
10070
14323
10087
9257
15699
16205
19711
15147
14460
10700
9276
8030
12124
21178
22759
16111
7748
6360
5461
5812
6119
3241
3910
1920
898
722
789
1086
580
2100
453
109
237
330
216
158
102
127
23
1
0
round 1: 0.236738
contract
582
6484
7135
5936
5483
8013
13286
22114
20260
24120
23279
19456
19343
24600
32149
26208
19499
14906
18229
24962
17690
13270
12641
14116
13478
11788
11999
15835
26731
23967
29326
30137
26919
27868
31622
48448
60035
87122
77799
46676
25812
19479
19424
14162
14487
12905
13716
13144
10345
8848
8601
12311
13188
14784
14517
12259
8068
5585
6210
7463
5157
7360
10802
7226
7433
8203
7205
5643
4204
5124
8488
11253
11314
5694
3431
4185
3908
3971
4099
1922
2600
1117
610
443
549
723
421
1495
565
77
180
244
187
99
185
85
36
0
warmup round (not counted): 0.227279
582
7874
7148
5668
5200
8271
14413
20774
21171
22943
21445
15996
17152
26594
33061
24729
19393
14600
17928
25486
19236
13862
12788
13366
14399
12218
12574
15884
25341
22145
28826
29073
25749
28142
32830
48957
66302
89958
78118
47267
25441
19656
18242
13931
14873
13361
15274
13533
9604
8573
9076
11688
12769
14420
15573
12348
7195
6283
6638
7009
4957
7439
10786
6858
7106
8811
6347
5554
5026
5661
8516
11653
13465
6586
3873
3974
3862
3720
4279
2171
2658
1715
683
494
540
586
410
1595
576
102
200
262
187
98
127
90
16
0
round 1: 0.193038
median running time: 0.236738	0.193038
average running time: 0.236738	0.193038
Info: Running verifier
dijkstra running time: 4.862462  
source: 8479660   
origin
486
6820
4594
4173
3141
4885
7889
7021
6651
10290
15064
15084
16070
22691
35309
40251
39958
48038
58652
47644
55128
65350
71819
61537
59944
81458
101318
111103
120024
113249
121297
134748
143218
123886
98708
80898
81016
77290
72946
65362
53211
39105
37478
44483
39288
40675
54558
74246
85529
66685
37649
16923
10296
9257
9970
7082
5335
6517
5732
2805
1573
675
523
459
57
57
0
warmup round (not counted): 0.264969
486
5688
4448
3428
2943
4430
8371
7436
6353
10942
14983
15307
15709
23024
35975
38377
41575
45372
58993
52831
55538
68389
65231
55102
61830
79861
100547
108323
119810
119632
130020
136608
138947
113096
98285
80296
76191
77000
69787
64361
53111
37737
41132
43762
37320
37167
54127
70407
83031
64314
42748
21672
11777
9997
10495
6900
5655
6106
5326
2647
1735
740
716
365
54
57
0
round 1: 0.204268
contract
566
4650
2004
2135
2217
3599
5949
4524
4585
7468
9282
8629
10771
14836
22749
24008
24089
32478
35545
28400
32080
40113
35214
35452
36361
49406
59784
64203
67000
68800
77444
81927
77179
66345
55566
47763
45298
48442
34884
30746
26796
18687
24030
22684
19662
21317
32879
46925
51842
33560
15091
7346
6546
5521
5214
4654
4023
3612
3237
1735
1033
557
445
339
50
52
0
warmup round (not counted): 0.265613
566
3885
3075
2322
2074
3266
5162
4734
4792
7779
9133
9219
10454
13420
22822
22874
23109
28752
31890
31105
33999
40040
38402
33538
35372
51806
61116
64529
66532
72688
78375
80382
73239
59979
52614
45623
45707
43054
35888
34199
29006
19759
23248
24212
20198
22616
34558
53396
55171
35349
14798
7157
6587
5987
6078
4533
3839
3826
3460
2137
1070
575
395
357
42
61
0
round 1: 0.167752
median running time: 0.204268	0.167752
average running time: 0.204268	0.167752
Info: Running verifier
dijkstra running time: 4.996074  
source: 3859977   
origin
461
1632
2667
4145
6945
8596
12779
18596
28995
39435
56947
70675
72118
61249
56670
55205
52128
53219
50773
43185
45177
41218
42495
44591
43295
42571
51275
58254
54382
65278
63086
64529
62890
53571
44635
56154
73689
79078
89378
100002
110061
109069
91043
61940
42636
26225
15206
10506
10518
10920
13567
21589
28810
25619
12566
11202
17846
27570
29190
33979
23444
15398
10673
8302
6828
7843
6399
5696
4312
4639
2183
2248
1691
1276
1454
2589
826
250
290
310
201
727
184
76
47
4
0
warmup round (not counted): 0.229791
461
2042
2495
3613
7025
8702
12165
17026
29261
45235
59793
68171
75689
64320
57762
56270
51831
54950
53138
41645
43182
42124
43216
47334
39306
44601
54382
54594
49919
61648
69169
64864
65869
56888
43235
59282
73865
87793
93923
95489
106322
111462
87045
61831
44781
25379
14612
10778
10670
9522
12631
19374
31625
24829
11623
10470
16335
28084
26575
32146
21947
14671
9852
8024
6081
7446
6536
5769
4084
5112
2130
1959
2400
1241
1335
2614
831
253
293
373
289
361
170
77
28
4
0
round 1: 0.226306
contract
431
1354
2000
2855
5719
5410
8221
11333
17130
28371
37593
41470
40852
33059
33441
33539
31088
31513
29451
22296
25470
24672
25939
25970
23660
23847
33414
31710
31786
37612
44353
36622
32701
28298
25048
34563
41279
48454
51252
54117
59195
58584
39094
25577
18604
9788
8177
6726
6904
6426
8942
10463
16875
8970
6192
6860
10933
17873
16020
18624
9529
7618
4947
4326
3921
5328
3309
3712
3371
3535
1461
1491
932
674
973
1906
281
160
213
362
164
227
144
70
27
2
0
warmup round (not counted): 0.208670
431
1411
1960
2969
5290
5270
7220
12019
21196
28432
37241
38541
43872
36016
32509
30219
28887
30338
31324
22613
26971
24271
24980
25012
24012
25321
33421
31774
31345
36276
40505
34778
32141
27309
24717
35972
42576
49844
48811
58342
60981
61340
40565
27359
19894
10725
8190
7210
7221
7378
9141
11880
15833
7856
5751
6501
12163
18237
16387
16398
11884
6070
5808
4629
4164
5092
3057
3260
3309
3580
1601
1476
1194
881
721
1692
250
157
215
294
156
233
154
63
24
2
0
round 1: 0.190689
median running time: 0.226306	0.190689
average running time: 0.226306	0.190689
Info: Running verifier
dijkstra running time: 4.917382  
source: 100261    
origin
563
3781
3202
2449
2957
4841
5097
5243
8051
9368
9266
12875
26197
39732
47234
33134
21488
21071
16795
11423
10471
10468
11334
9404
10941
20081
27182
19890
18475
22599
23853
31812
36725
45178
45813
36542
25874
26629
28441
42007
49431
59251
62399
57928
53259
41618
38856
33222
34507
52003
50284
53631
47083
42565
35051
23386
19687
21332
26852
22887
29656
33493
44755
60697
72515
73777
86723
92350
71830
57429
40019
36269
23144
9746
7839
7171
5352
4250
2576
2125
1803
2431
1985
350
164
217
150
76
21
1
26
463
20
1
0
warmup round (not counted): 0.225179
563
4032
3257
2618
2850
4624
4973
4998
8798
9471
9467
13713
31127
44403
49071
36671
24271
20432
17373
11418
9133
9811
11128
9019
10584
19228
25999
20001
18850
22314
23509
26045
31775
46436
40971
37079
28260
27620
28880
45224
48612
56852
65044
62866
49496
36752
37247
32423
34151
55314
52270
51532
54503
45668
37577
24673
19365
22359
26898
27264
28998
34374
43155
60313
67156
72357
83669
92095
70144
55915
37694
30992
17812
8013
6452
4679
4385
3318
1347
1593
1505
2176
1226
312
194
203
152
75
21
1
26
456
26
1
0
round 1: 0.220907
contract
521
3590
1760
1547
2349
3460
3366
3989
5830
5941
5965
8706
18597
31477
26002
13300
12075
9188
7707
5208
6334
6973
6910
6687
7404
12618
13238
10476
10000
12469
13251
14795
20580
25198
21347
17684
14597
14921
16929
26738
23909
35561
41367
33416
24737
24202
22123
19642
21650
30686
32819
32057
25702
22163
18338
12390
11348
14473
16891
15088
17491
19355
22536
36517
38398
47008
53279
53025
32638
23465
15517
15676
8806
4982
4465
3735
3430
2278
833
1157
1061
1799
1581
287
143
164
117
65
15
1
26
326
15
0
warmup round (not counted): 0.190616
521
3168
1847
1422
2122
3565
3378
4263
5891
5507
5701
8183
18566
32479
27213
14453
13579
9868
7861
5318
5427
6229
7581
6432
7524
12194
14038
10487
10355
13115
14326
15242
21427
26151
24644
17305
14788
14769
17518
26436
24986
34598
44442
37023
27822
22211
21320
19700
21267
30722
32215
30922
24951
20457
19789
12200
10033
14235
16533
14103
18198
18633
21210
34895
40873
45252
57740
53148
34716
26389
14677
14460
8648
5473
3938
2896
2848
2345
1011
1327
1034
1792
781
250
151
182
122
66
15
1
26
326
13
0
round 1: 0.190036
median running time: 0.220907	0.190036
average running time: 0.220907	0.190036
Info: Running verifier
dijkstra running time: 4.874299  
source: 4854735   
origin
263
1578
5344
5438
3667
3120
2986
2923
4871
5314
4664
7605
9907
19448
30579
32992
30686
27931
17735
18043
28105
26226
21682
19396
15040
18928
24110
25493
36156
37553
38001
38352
46041
44028
39772
47598
53526
72602
71553
57868
60700
61361
62050
54111
51416
47482
29946
32499
40406
53903
54322
55003
41069
46651
53550
57309
63806
57291
54650
58617
62268
48652
40938
31429
24039
23275
28448
30417
31490
24243
24098
22433
23813
43703
42368
23927
11826
7798
6776
6598
4116
1991
813
590
467
372
495
110
16
2
0
warmup round (not counted): 0.240833
263
1522
5621
5143
4736
3079
2947
3012
5145
4528
4525
7199
10606
19807
33325
34064
29847
28899
20055
17608
28031
25685
23339
21126
16608
17325
20980
25804
37777
37215
35868
36835
48032
44510
37261
45275
53971
67518
62260
52903
61981
59056
62404
55284
51226
49479
35276
32234
39984
47524
55425
58714
46387
53807
55853
57945
64317
63183
56107
59911
73120
57496
46635
38091
27313
25806
29922
32015
31152
27577
25554
24701
24246
41185
42657
23942
11004
7900
6012
6220
3507
1592
977
612
411
471
289
74
22
2
0
round 1: 0.236594
contract
267
1484
5112
2409
1463
1968
1717
2040
3138
3015
3129
4813
7008
15420
23003
16035
15882
12988
9400
10598
14586
13224
10482
10850
8943
11368
12431
15343
18482
23019
20403
20689
21202
18387
20412
24776
27880
37351
30229
27695
31152
31994
30527
25456
28392
25824
16644
19384
25682
32641
31532
27566
24613
28189
29725
30626
37553
31483
30342
37386
39396
26901
20214
15725
12658
13812
16530
15530
15828
13607
12792
13168
15122
30062
25890
8063
4708
4444
3437
3641
2021
1441
772
407
261
290
266
77
10
1
0
warmup round (not counted): 0.192181
267
1360
5282
2807
1720
2030
1898
1930
3851
3126
2929
4924
6866
13379
21409
16905
16235
13829
9425
11264
15568
13559
11783
11877
8514
10903
11605
17480
21677
22914
22271
21434
22586
18334
19164
22280
28448
39341
35283
33313
33981
32976
30866
24823
26630
25176
18854
18545
23967
30435
31990
29726
25304
28176
31357
30804
32735
29250
28161
34695
37629
23420
19494
14404
11259
11724
15727
14340
17553
12608
12087
13346
15378
28616
24034
8204
5176
4091
3378
3502
1981
1716
968
410
183
291
207
77
10
1
0
round 1: 0.193264
median running time: 0.236594	0.193264
average running time: 0.236594	0.193264
Info: Running verifier
dijkstra running time: 4.793904  
source: 8108528   
origin
493
3306
2311
3529
5453
6696
10086
10987
10880
17151
21686
28866
30117
20232
12814
10413
10075
14759
22023
30129
46862
50911
50031
35312
31937
30587
25372
24277
33328
39320
37590
42987
49515
44238
39870
29505
25653
29949
28758
25960
23552
25107
17521
17542
17597
19309
21379
24882
34596
30164
23781
20410
16677
18784
30430
40122
52721
58710
63559
82564
93962
82729
74494
79925
75458
52868
42155
33497
27371
18421
14329
15090
17068
14046
14449
17119
15881
12549
10579
5724
5143
7249
6371
6051
4135
3449
2995
1600
1028
981
2198
502
325
271
214
135
48
1
20
111
207
1
0
warmup round (not counted): 0.254120
493
3020
2121
3341
5651
7065
10490
9649
10502
17595
20297
28625
29243
23262
14554
12376
11779
16619
23012
27795
42320
50518
46170
34420
32828
31564
26256
23508
34516
41808
35847
42028
46980
49500
40393
31823
24647
27656
27388
24645
24458
28592
16913
17657
16139
20001
23776
26737
34631
32173
21546
19710
18124
18705
29832
39397
54170
56744
62954
78245
90090
82570
70326
78476
77719
51409
41975
33999
27584
18542
12850
14432
19304
14116
13705
18558
16377
12054
10681
5521
4290
7759
7264
5805
4330
3357
2656
1273
907
977
2121
594
360
315
180
144
48
1
20
101
207
1
0
round 1: 0.247035
contract
459
3149
1336
2108
3555
3881
5609
5173
7108
10785
12995
17319
13121
8374
6910
6572
7835
9178
11932
18738
26639
29835
24259
17521
15351
16316
13882
14911
19527
21164
20609
24985
25641
24495
16635
15109
13754
17417
15227
13287
13450
14170
9496
10672
10591
12475
14886
15864
22014
14739
11825
11380
11112
12373
17641
22921
33103
29189
39685
54754
55901
42067
44721
42026
37025
20708
25506
18731
13775
10049
7671
9607
9368
7600
10210
11046
6777
7479
5487
2795
2797
4804
3695
4576
2194
1600
1873
713
656
614
1446
372
280
224
149
104
36
1
24
74
215
1
0
warmup round (not counted): 0.213231
459
3264
1114
2608
4274
3955
6659
6016
6350
9758
11018
15967
15364
8447
7057
6174
7461
9372
11960
19620
26490
29637
23853
18343
17409
16303
13464
14497
19110
20927
19376
24371
24429
23607
17920
15558
14660
17898
16203
11973
12756
15179
9826
10845
10558
12952
14550
17366
21490
16472
12938
11022
10859
12225
18348
21737
34363
30138
39282
51957
56150
41641
42133
41722
34176
21604
22599
18994
13096
9584
7524
8977
9230
6761
9898
10625
6156
7066
5983
3151
3219
5190
3427
3978
2409
1440
1814
682
643
659
1432
393
241
252
142
121
36
1
24
73
211
1
0
round 1: 0.206136
median running time: 0.247035	0.206136
average running time: 0.247035	0.206136
Info: Running verifier
dijkstra running time: 4.262263  
source: 8017151   
origin
561
5210
11568
10980
10895
7643
7533
6826
8497
10285
12095
14989
14666
17088
21870
25952
23377
27978
39829
72122
81346
71244
55482
54223
60320
64243
73271
86099
89121
81106
75399
49433
40047
28895
27427
37098
41053
43584
35539
33423
38842
42086
40471
46677
45297
45921
63427
76380
75387
78760
69275
64361
65882
71110
70175
64990
58655
43454
18195
10886
14258
10686
8515
6724
4161
2655
3865
2238
1006
817
2605
484
420
281
174
66
65
4
9
70
337
91
0
warmup round (not counted): 0.227115
561
4909
11640
11144
10602
8752
7514
7372
9312
11465
12635
14816
16915
15877
21162
25711
24633
26456
38661
69869
86178
68090
53770
56700
61574
65067
70283
89745
88383
85225
74753
47294
39819
27426
27883
40846
36895
41596
36035
34352
38893
40703
45537
51545
43004
48767
62665
73911
75685
82352
72299
56221
66505
68270
67918
68203
57915
38690
19192
8709
11553
9621
9248
6605
4305
1597
3252
1921
1110
879
2312
738
745
268
213
67
66
3
9
73
54
57
0
round 1: 0.223608
contract
565
6429
7937
4901
4445
3697
3877
4534
5495
6569
8394
9646
9864
10318
13565
16228
13879
15745
27317
46231
52863
35921
30823
32589
34850
35775
43102
53331
52839
50664
41487
31349
21119
17438
16550
21908
23467
23809
20356
20277
21518
22524
24171
23609
22307
27195
40531
43779
51019
46598
37367
34567
38373
39064
38530
35062
25079
17933
6832
5651
7173
5278
5278
3672
2195
1341
1809
888
654
784
1647
385
271
204
194
99
47
2
10
77
33
36
0
warmup round (not counted): 0.186287
565
6040
6875
4361
4639
4054
4139
4456
5567
7081
8519
9224
10081
10371
12833
16951
14339
14822
27376
48897
48534
34074
31347
33407
34222
34588
42973
52059
53563
53639
40796
28911
20723
16024
16844
23744
23996
24845
19130
18245
22137
22858
25877
25063
22176
26808
38899
43317
46761
41657
35078
28240
35656
36234
35240
31453
23518
16198
6625
5075
6683
4019
5304
4455
2550
1231
1929
847
681
794
1598
375
296
223
165
101
48
2
10
77
31
34
0
round 1: 0.180569
median running time: 0.223608	0.180569
average running time: 0.223608	0.180569
Info: Running verifier
dijkstra running time: 4.356316  
source: 5900780   
origin
367
705
267
527
647
991
1890
2000
1830
1481
3087
3317
5116
11345
18413
20355
12324
6044
3536
2502
3141
3834
2951
2630
3863
4717
8328
6154
8157
10434
15895
20939
26873
30426
28544
26928
40073
32643
25881
18785
9961
14465
14547
13554
10058
10052
12904
14063
12785
15162
18280
13613
15676
18016
20334
22644
28496
30765
33068
28225
20104
22617
20909
20193
23869
29847
36062
38342
44881
55532
61504
75484
88106
99479
106753
110102
113302
116911
109683
102425
94588
86692
55311
33265
23904
22390
18423
15921
10879
7807
8569
6536
4953
3636
4418
3752
2056
2264
2225
1778
1553
836
83
0
warmup round (not counted): 0.251494
367
884
361
537
650
1124
1968
2518
1610
1653
2918
3261
4782
10097
15253
19143
11691
4523
3274
2444
3032
3534
2659
2554
4119
5765
7881
6812
7421
10423
15157
20588
24870
33145
32376
28260
38274
32502
25878
18367
11190
14914
16041
12322
8885
9984
12458
14373
13385
15110
18322
14268
16005
17149
20215
25313
28924
30990
30764
28249
19615
23094
21262
19571
22183
28618
33731
38268
48720
58216
62282
69017
89293
111074
107750
102829
106893
109349
112380
109953
96567
83658
55435
32448
22059
20186
20457
15323
9998
7922
8239
6855
4637
3701
4744
4951
2924
2303
1181
1460
1261
411
0
round 1: 0.247061
contract
441
621
230
427
494
717
1671
1671
1252
1062
2115
2069
4279
8649
12662
12401
5812
3097
3006
2086
2113
2797
2083
1849
2571
3864
5293
4186
5569
6272
10922
11210
13961
15245
12999
14475
20493
16562
12650
7278
5950
9080
9261
7429
6373
6785
7904
8831
8223
10134
10106
8845
9868
10419
11603
13345
17073
17225
17761
16342
11026
14767
12102
12066
15626
18752
22377
22294
28632
35181
35675
45904
62453
70314
56402
55584
64284
67690
64401
53233
46520
39764
20407
13152
10492
11316
11017
7919
6194
5209
5334
4974
2857
2188
2714
2555
1521
974
1189
581
568
0
warmup round (not counted): 0.207864
441
645
229
442
511
705
1685
1339
1253
1025
2110
2316
4033
10123
13015
11242
7072
2411
1810
1567
1935
2593
1897
1898
2560
3651
5547
3504
5285
5611
9944
11926
13633
15692
12411
15193
20828
15500
11505
8411
5815
9517
8748
6521
6257
6959
8365
8463
8426
9611
9376
8725
10313
10429
10815
12824
17377
17497
17995
14687
11323
14802
11467
12359
14549
18424
21950
25922
29123
35081
37043
51747
62314
67646
64205
54808
63645
64751
60426
55913
48959
39680
20343
12659
10405
11459
10231
7525
6674
4894
5388
5125
2777
2503
2696
2271
960
1163
1132
588
495
0
round 1: 0.203271
median running time: 0.247061	0.203271
average running time: 0.247061	0.203271
Info: Running verifier
dijkstra running time: 4.298198  
source: 1874697   
origin
558
9692
16974
29218
29912
21723
10596
9305
6840
14100
16071
8631
9542
7546
8741
8095
9726
11736
16773
21152
26206
19534
12993
12197
14460
12307
12113
13820
18702
27860
35884
30148
27688
18006
18832
16841
19285
26343
36942
46676
45613
46204
44332
52706
63929
54122
40979
28205
23654
27916
27457
27399
19376
19252
18805
24320
24598
23263
30416
33404
42778
56005
59941
63945
59140
58580
60892
57155
61359
62363
59335
50848
45561
41727
39302
33299
24133
16115
14927
9149
7142
4935
7059
5283
2391
1655
2476
1558
1037
1205
1187
465
213
204
256
59
33
1
18
94
391
12
0
warmup round (not counted): 0.248407
558
9736
17731
27128
26496
18048
7959
7256
7049
13555
16007
9282
10450
8499
9510
9045
10680
13887
19279
20416
23596
18767
12484
11646
14827
12807
10967
14240
20150
29697
36038
29751
28801
17507
18312
16054
18667
24357
35083
47724
49108
46157
49917
51800
61470
53623
36606
29893
26072
30934
30123
31206
22452
19476
20412
23399
20928
22663
29864
31361
42316
60282
62662
63860
59594
55556
60120
58483
64174
67242
64412
51393
51904
50974
38213
32700
25037
17862
13848
10602
8525
5903
9028
5579
2744
1814
2363
1203
988
1267
1333
462
204
234
250
55
26
2
18
93
287
12
0
round 1: 0.249341
contract
610
8747
13835
19796
11465
6579
3954
4118
3652
9474
7703
4991
6818
5498
6183
5636
7415
8117
11332
12930
14797
10448
7111
7365
7898
7459
7007
9100
11655
15546
20769
15205
13209
9788
10617
9505
12065
15750
21989
25274
27782
24842
25330
30681
38084
25698
19020
16623
14697
17885
15914
14860
12319
11942
12043
14770
13412
13923
19629
21070
27182
34702
39816
36908
33019
33904
33909
34235
41132
36807
29231
25524
21717
25952
21715
14926
9801
8812
6680
4999
3994
2588
4300
2508
1473
1118
1198
925
734
1186
461
314
140
180
125
53
20
1
21
77
235
3
0
warmup round (not counted): 0.216503
610
8978
15851
17341
8252
5025
3198
4160
3977
9191
7879
4519
6478
5249
5923
5483
7517
8044
11200
12504
13105
9266
7110
7348
8464
7401
7184
9220
12035
14113
20844
15267
14058
9694
11468
8696
11789
15360
21871
22445
26968
24544
24152
28553
37464
23276
19091
15449
15500
19195
15471
16316
11463
10811
13073
13820
14656
13643
17875
19809
24107
31984
38376
36067
30722
31682
34082
34181
39056
33609
26906
24568
22883
25233
20747
13623
9270
7360
6857
4912
3711
2678
4274
2542
1193
1221
1271
815
762
1246
1047
322
170
176
129
56
22
1
21
77
238
2
0
round 1: 0.206141
median running time: 0.249341	0.206141
average running time: 0.249341	0.206141
Info: Running verifier
dijkstra running time: 4.275100  
source: 4072505   
origin
377
2435
4398
11029
18511
17574
11934
8425
4745
4013
5734
5663
4321
3678
4646
6365
11559
14400
14603
15458
12099
13317
10441
6891
6067
5382
4861
5246
8610
10043
7401
7094
6164
11362
10306
8572
8400
11908
17447
19045
16586
16617
28514
33264
26320
22311
33384
32564
33101
21151
16914
19668
25361
36172
36974
37196
34213
32480
34022
49073
80534
87301
74082
60006
61249
76052
68630
63057
81279
96901
83307
69103
69675
65460
54485
53806
43073
45972
39299
29168
24645
18728
14610
11177
11278
13146
10724
4576
2336
2034
1469
1876
735
0
warmup round (not counted): 0.246880
377
2509
4749
10292
16774
18933
12509
8946
5933
5124
5996
6857
5057
3884
5005
6552
11347
14368
15485
15176
12992
13688
11362
6809
7043
5428
4428
5498
8582
9076
6554
7237
5867
10476
11104
9085
8098
13016
18669
16271
17512
16866
28038
31343
27192
23760
31664
27431
30202
22214
17496
20083
24314
33381
35599
34578
33243
31651
34802
45656
73068
86337
78858
61211
62882
71242
63737
68405
77931
92104
78344
66458
75423
65791
58671
53415
48115
48619
44444
25118
23579
15058
12726
9536
10095
11031
11405
6376
3156
2063
1402
1368
442
0
round 1: 0.247049
contract
398
1705
3787
6809
11399
8783
5000
4103
2584
2264
3585
3610
2784
2517
3561
4622
7581
7031
7591
9510
7030
7534
5319
4088
4396
3376
3093
3778
6062
4859
3430
4477
4268
7908
5660
5418
5724
8246
10537
10139
9416
10654
16254
17522
15192
12404
16921
19044
17456
12045
11041
12854
15787
19233
23506
19158
18644
18318
20411
34188
56489
53078
34675
34121
33144
43560
35522
38511
49742
50488
37813
36977
33305
30902
26221
25471
25158
27281
15373
11008
10799
8268
8047
6263
7233
6290
6896
2791
1437
1190
1102
800
139
0
warmup round (not counted): 0.193761
398
1855
3872
7712
11238
10636
5461
3536
2558
2234
3816
3735
2778
2491
3418
4473
7450
8547
7624
8375
7628
6758
5732
3972
4278
3510
3143
3765
5910
5208
3699
4807
4109
7733
5512
5409
5837
7969
10653
10729
9382
10295
16241
16630
12996
12401
16733
17208
16842
12394
11245
12921
15962
19527
20016
18460
18892
18564
20318
33239
53100
54146
34784
34636
35707
36359
35200
38883
49378
55672
41953
38301
35810
32581
27788
26055
29558
27302
16092
12526
9894
8254
7011
5410
6323
7112
6750
2810
1584
1423
602
826
174
0
round 1: 0.197997
median running time: 0.247049	0.197997
average running time: 0.247049	0.197997
Info: Running verifier
dijkstra running time: 4.304340  
