Info: Reading pbbs format
Running on /data0/zwan018/origin/Germany_sym_wgh.adj: |V|=12277375, |E|=32266600, param=65536, num_src=10, num_round=1
Info: Reading graph
Info: Reading pbbs format
Info: Reading graph
Info: Reading pbbs format
source: 529       
origin
493
7757
22593
45502
92265
112392
99260
84741
93064
91434
90907
106330
118522
118142
111132
115026
108695
123379
132676
113735
107434
111237
109642
111791
118836
122578
133781
127968
132010
128528
129643
129364
143242
137647
154540
157336
161463
163214
188039
175373
160716
138002
140999
130470
128009
131369
123894
124897
114430
106916
113659
110896
98235
102469
96890
113229
91897
73282
87264
62050
88575
111940
97016
81708
85436
94182
93481
75000
81840
72046
37937
20630
8407
3379
796
438
0
warmup round (not counted): 0.371012
493
8075
22957
51241
94749
111083
102077
92606
91110
92366
95001
111790
119719
117315
111336
105099
111850
121880
130391
112765
104989
113777
106793
111561
120801
130478
134396
125084
127832
137673
132532
133066
153026
139724
150918
169614
166559
167300
168274
166719
156936
144163
141981
130447
126260
132657
122908
120820
100794
111256
115446
99184
96248
106331
106428
101620
90809
77561
90727
64440
93991
118093
93687
76736
93089
102603
86913
73995
74246
65089
34867
19340
6067
4778
1505
64
0
round 1: 0.287917
contract
633
14692
47438
127363
130316
109765
103490
99009
98884
116451
123811
115764
114863
115663
129987
117349
106961
105871
109396
112578
123929
132751
123533
123114
130817
148666
141890
149309
160247
158836
176427
162295
145984
129014
124936
133733
123474
121038
102434
108070
98506
96522
99570
102700
80939
77890
67083
106483
97789
74169
91533
86130
88518
61555
36877
12923
4512
681
87
0
warmup round (not counted): 0.267553
633
12886
49349
146861
145912
120689
99560
91818
97649
108259
122724
114451
117521
109780
126547
120599
107252
110449
112300
113342
124537
138606
124717
131604
129443
139497
146106
148735
161515
159311
173322
180525
148598
133355
125845
122871
129044
119477
109844
109651
102525
92925
105945
106975
83070
77205
62317
111479
109076
84442
76694
87844
77033
60650
27419
8825
2341
612
1
0
round 1: 0.270469
median running time: 0.287917	0.270469
average running time: 0.287917	0.270469
Info: Running verifier
dijkstra running time: 4.755725  
source: 8479660   
origin
486
7241
14115
47041
91255
101005
110895
110676
114904
129948
133964
134249
143747
149783
142814
154588
154282
167383
167558
180817
171511
161546
171935
185573
193907
199081
199392
207440
212439
223302
208734
203429
218339
207578
216010
216065
213395
217878
217138
215509
210531
201384
199320
200952
183539
180046
178603
174826
179105
161904
145677
151565
131853
126578
132160
132351
131347
137277
147183
151962
150380
145220
132215
119290
97458
79143
81473
70738
31873
6531
1661
461
106
0
warmup round (not counted): 0.330641
486
6224
17498
50217
95118
104960
96656
103170
124206
134659
128715
137125
145037
151570
155239
149365
163922
159508
165821
168672
174434
174630
177527
194825
196979
197066
198284
211618
200770
211084
214338
206216
210747
207025
215357
221363
214401
221272
213778
216593
205295
203240
204500
199847
189414
183091
181473
182515
170591
166735
148575
138695
128969
131891
134377
138855
129658
141968
147912
147369
150696
140053
128086
108652
89254
79400
78920
57805
20355
4243
1393
628
277
0
round 1: 0.276666
contract
572
10118
53786
139100
127890
117933
116603
123649
126732
134892
157537
152279
154882
162541
169648
172550
166483
176820
188733
194262
206360
210615
223328
224365
213941
216256
213278
219759
222844
222745
209655
207699
201467
196571
192659
171391
183761
181364
163528
149221
134247
127602
123260
129030
128243
137269
150970
147029
132287
112461
94429
79994
65794
32958
5405
558
234
0
warmup round (not counted): 0.259960
572
10349
56642
148296
138257
125832
123822
133740
138550
141728
149373
148032
163726
165452
171368
177361
169234
174194
190044
200655
202654
211331
222566
218952
218419
210829
216376
218848
221968
217704
220227
206959
196176
202560
194278
183488
173220
172985
168591
151864
132925
129767
122611
137256
131940
136194
136339
146982
134191
111043
92338
75877
62547
30607
5502
742
132
100
0
round 1: 0.231381
median running time: 0.276666	0.231381
average running time: 0.276666	0.231381
Info: Running verifier
dijkstra running time: 4.878773  
source: 3859977   
origin
480
5961
21765
59098
103210
123512
126181
142897
123299
119746
130223
120598
123219
133033
130236
146119
149594
157014
152635
141234
149681
155315
151980
153394
150988
157383
153645
150392
164154
163258
152147
158808
167008
172316
169155
163680
158590
140148
148002
137557
140326
161193
164188
162465
144772
146167
149550
152858
160709
166326
164433
152304
133244
121370
110227
97362
76271
75822
104963
109341
82124
69623
104593
120585
112423
84267
73601
73102
61636
56653
36342
17156
5533
2459
1427
138
0
warmup round (not counted): 0.308568
480
7683
27880
66571
96985
122714
130716
132599
122437
114274
127380
120829
129957
124927
134221
138900
148060
148345
142662
146284
156129
161416
152995
147492
151054
150219
147946
157572
170149
154592
154334
162243
165054
164502
158602
161964
159226
150724
148853
145399
145307
154450
158394
149915
145260
145163
147448
158735
165919
158732
155022
140663
136190
122288
105501
87926
73372
87469
112017
97536
69384
88159
110602
114981
99591
82901
69172
68652
63733
35088
19808
5490
3888
735
106
0
round 1: 0.290730
contract
521
12170
64603
154122
143866
143454
140443
138857
133354
122199
142222
140965
147054
141501
141425
146556
156598
159173
160332
150840
148693
150766
155815
147673
152885
158533
164737
158713
147815
145721
137493
144708
159543
159755
155820
146637
154381
163115
160983
149597
140899
114918
98712
76859
82539
116173
87998
75952
119415
117592
84970
76667
60815
57427
25632
4852
1721
159
0
warmup round (not counted): 0.246018
521
13930
64295
164526
164123
161266
144657
131966
129710
116592
133358
138347
139863
147158
157757
141152
146347
152208
168864
150114
151683
146662
162662
155948
155775
164733
157630
155868
159426
147199
150046
139999
150307
158568
153834
154389
148517
151095
154433
160521
144715
139102
112821
85816
73168
78826
117402
81595
82913
114833
108641
74543
67467
65344
37077
11718
3099
712
92
0
round 1: 0.244766
median running time: 0.290730	0.244766
average running time: 0.290730	0.244766
Info: Running verifier
dijkstra running time: 4.818142  
source: 100261    
origin
563
5635
16660
41991
71261
101751
109275
124372
107617
95412
87256
86282
81752
80453
85700
91167
105620
112518
100220
108623
121058
120817
113804
123074
125202
116654
118499
122031
119810
131239
152272
148056
140104
131856
138510
146967
142064
129806
135495
137349
140359
142769
152178
146178
145395
134438
125550
118026
115882
106110
115182
120608
127892
123782
120063
127946
142208
137359
133561
139586
139973
141090
125450
109520
99502
103250
100109
71606
46317
33164
22125
10794
2781
1139
979
623
1011
0
warmup round (not counted): 0.285495
563
6759
18464
44137
76120
97403
99142
116623
114551
100408
87588
88764
82392
76314
89864
94246
93183
113869
104187
115221
124685
122465
112800
120930
118787
121892
116382
109747
113070
138780
151153
145549
138948
139217
147596
143758
137003
131445
136042
142164
142094
147771
147872
140589
134299
129069
136449
118720
111108
108607
117093
116403
120301
118570
124402
130558
145154
142370
128110
142360
135631
133730
114785
109202
103791
91180
87741
53629
42556
27978
20054
5150
3531
404
110
0
round 1: 0.292713
contract
521
8269
31804
108898
115874
115848
123392
104183
88870
87214
84836
88434
95851
111986
110802
108038
115257
117005
132561
121995
116524
114092
123203
137834
143610
160656
151143
141379
137234
135731
146300
132535
142867
151736
145358
137149
129182
126745
118190
108225
123548
127844
132424
130377
141604
147673
143491
144123
139699
125909
106054
104468
89542
60112
48729
23482
4227
1849
830
2
0
warmup round (not counted): 0.240496
521
8663
40089
124912
123429
117888
120188
104502
91615
83300
77858
97336
90555
108177
106009
109670
114386
116120
126435
117446
112029
112534
120296
144524
142211
140309
143544
138463
137653
123165
137999
148653
159846
149728
138812
129859
133752
127027
114209
115674
119547
113785
123829
139228
144060
131465
132719
138035
132259
113204
96222
97436
72365
38107
21779
7641
1890
549
62
0
round 1: 0.230910
median running time: 0.292713	0.230910
average running time: 0.292713	0.230910
Info: Running verifier
dijkstra running time: 4.804680  
source: 4854735   
origin
359
6223
28264
61610
99519
116636
112096
123613
114180
109389
107881
102279
112165
113270
100878
100006
96498
107032
114786
123788
117116
106474
110078
112146
117897
122234
124267
120498
136194
129590
128143
129932
141048
136660
130590
130041
131539
120667
127847
123067
121980
127585
139812
141415
141547
143716
133496
144300
144842
134222
146205
139827
123132
112324
114111
115477
115018
100420
97607
85881
95776
95979
82955
98452
98495
92665
92086
92199
81971
59316
47593
31393
11710
5175
2311
1289
421
150
0
warmup round (not counted): 0.324289
359
7634
28199
61450
114430
111591
119013
128796
119943
109306
116392
98614
109200
106333
100448
91104
90165
118607
115178
108041
116076
119726
114174
119599
109473
116791
134908
128192
131436
134402
129317
124314
140721
137988
130805
129181
125057
124071
120434
117228
131341
134372
135582
145524
146246
142370
138574
153617
153213
144813
136382
142625
137875
119133
117376
109008
119069
107796
94749
94799
87098
96358
103917
92317
91779
89778
84130
89743
92049
70543
53488
47088
15718
6666
2909
1522
152
0
round 1: 0.306572
contract
419
9517
47733
130515
120418
135981
133999
117696
112190
111663
109350
97292
88947
98381
107081
118902
113508
116521
116991
113435
119718
136684
136498
126816
122556
133592
136333
132788
127758
122574
123644
126859
130359
147332
139847
135254
133478
134160
138436
142525
139762
123595
123040
116033
108842
96322
92021
82157
92915
90766
95954
93778
88765
76272
55067
35867
13643
4026
1128
468
180
0
warmup round (not counted): 0.307363
419
9287
42625
114108
121327
116050
129566
107151
110681
99515
112196
99321
98856
110995
115403
122021
125499
109931
119168
117821
125442
132045
144639
132117
128663
133607
143385
137740
123979
124587
127432
123953
127722
129393
138183
142687
135113
136543
146718
134823
132283
125482
123159
119927
115633
98912
92101
82563
97669
93897
88156
98739
86512
92834
60871
47557
20342
5494
1614
684
179
0
round 1: 0.247289
median running time: 0.306572	0.247289
average running time: 0.306572	0.247289
Info: Running verifier
dijkstra running time: 4.314115  
source: 8108528   
origin
493
6866
21344
49902
75971
78516
78523
93345
94481
87731
77695
97816
99175
118213
112347
113901
109447
108549
103245
113727
110062
108035
118155
112247
121130
116840
118510
109643
100432
90927
84284
94684
92409
86155
106899
95098
96413
100661
103380
115014
123199
107683
102398
101464
105019
125274
121161
129030
125800
125397
141942
139054
138266
128296
117814
125436
131066
123821
117883
111046
110796
103600
94204
80677
83569
78140
76104
86880
58419
53156
45021
26394
15764
6040
4046
2440
1185
1
0
warmup round (not counted): 0.311560
493
5998
20672
51155
79323
78061
88610
88009
78788
81469
84780
96876
102950
109660
118610
120335
105010
103947
118725
118214
101272
111745
120346
113273
111847
119293
108757
100371
88466
87642
95674
97628
89109
101528
95087
100281
101953
110254
114924
115064
105222
102327
100522
92560
130726
125385
120619
111898
130770
139967
145513
140658
123001
118295
123233
129421
127795
117494
110341
115131
103981
88903
85754
84413
75366
83717
89099
56556
55273
40021
30095
20183
6412
3467
1946
2
0
round 1: 0.302713
contract
459
8157
29348
91953
103545
89158
88806
78908
80765
99923
115591
122164
109802
98712
107508
107021
98227
116600
119177
113261
114559
103750
98006
81092
107824
93190
103903
94621
102122
102888
119674
114547
106010
92310
100619
122415
125986
125769
130704
142954
140382
127546
128408
127720
126180
117311
107001
100227
92135
77724
82374
80386
77075
44993
39687
23259
4766
2857
1740
1
0
warmup round (not counted): 0.243011
459
8140
34283
86776
99476
86406
81600
89192
72413
108550
124421
112514
104834
105028
111506
109365
104669
121990
108972
113024
109012
101587
93695
82094
110142
98870
102456
92994
100745
105979
114559
116310
107135
100313
110211
124417
130661
127357
139722
139630
140243
127527
125285
131286
127291
122669
106330
102271
91156
76078
79802
80627
79082
48910
41683
21976
7073
3189
2587
1427
680
0
round 1: 0.249321
median running time: 0.302713	0.249321
average running time: 0.302713	0.249321
Info: Running verifier
dijkstra running time: 4.296497  
source: 8017151   
origin
561
6383
22639
49703
71860
89737
88091
106178
103260
117473
114897
114430
122772
142137
169143
166881
160193
152460
145077
148213
158651
161083
167459
172867
168450
168112
191252
184632
189691
172422
157853
160788
151690
145234
150082
134205
133323
126633
120957
131573
138344
136486
130145
139900
151434
144749
134309
147252
140770
148169
160670
166274
151524
140687
149067
147721
139984
131644
130708
142143
130497
130514
126170
121791
118546
102680
75073
66966
49844
35373
17492
10065
3302
1471
113
0
warmup round (not counted): 0.307243
561
5969
22479
50315
72457
81756
92984
101644
102078
120129
112285
113153
122650
141680
160662
172308
164841
149745
144833
158274
158237
165292
169604
175958
173226
172146
187183
179431
184529
172672
166133
162233
158228
147128
147066
135004
128966
124712
133456
133752
138470
137006
130605
140127
139632
139734
143703
146876
128867
147767
152354
157373
155516
150850
150681
142894
139249
139590
129678
141435
129394
126785
120541
122861
116457
98425
67567
66785
53273
31524
17889
10177
2611
1052
755
0
round 1: 0.301621
contract
565
9435
39419
95940
115294
107819
108946
111523
122882
119737
140191
163467
154115
147407
140756
152160
168556
165271
171152
178972
189376
179556
179387
161009
159419
150625
133764
130144
125270
126509
125510
141173
134362
139729
135464
146149
145620
147392
159506
159504
148218
142774
139550
135574
135682
127470
135061
124709
119270
120543
108926
77872
61900
39367
20446
6336
1530
327
99
0
warmup round (not counted): 0.254701
565
8126
39535
101698
112216
109238
109857
110995
110940
118629
135294
168694
169030
149069
151836
149316
164625
161866
177224
172253
189875
184317
171716
162050
155889
144175
146451
133966
122522
128956
125288
134027
143023
137012
139491
143381
136765
142988
149879
144662
153200
152545
143142
146912
138316
128797
138515
125462
122341
120849
117803
84984
65189
46566
28317
7369
1447
697
128
0
round 1: 0.237346
median running time: 0.301621	0.237346
average running time: 0.301621	0.237346
Info: Running verifier
dijkstra running time: 4.391979  
source: 5900780   
origin
367
3433
12296
33398
63921
91516
88157
81687
92288
69459
70551
108324
104550
106173
113120
100522
115004
117841
115710
120558
103776
96187
88697
88317
87555
93415
98743
96269
93027
104442
96877
99140
114117
120117
121097
117854
120455
110296
119216
119007
126714
135521
137050
138781
140280
141216
139121
142339
147829
157543
157926
159693
161422
151869
145213
146683
149776
153511
153799
159223
143663
142246
137391
132482
126153
135046
119330
99262
83153
84764
76817
54241
57447
29795
25973
24799
15094
5561
3074
1913
1421
35
0
warmup round (not counted): 0.328693
367
2995
14188
35478
54311
89454
86611
80890
93454
77454
70762
90649
107026
115278
120444
120735
119677
116164
114219
115413
107532
104657
82792
90512
88791
90949
99267
85828
99470
92991
102039
106838
120756
117545
116992
112045
111091
118096
124060
125635
125429
131752
131110
145188
140936
144414
146611
148269
159648
167544
156556
160507
152934
139946
156253
157305
156157
155727
148615
144237
137165
134856
139331
130737
134830
110309
93339
90833
80599
63488
62915
48328
33304
26411
18299
7802
2896
2316
672
1344
0
round 1: 0.317720
contract
441
3628
16974
43519
87216
94293
83049
58192
116069
139206
138592
127018
118487
115317
119035
113963
99712
88605
94494
81459
96210
93187
100430
100345
101221
118351
122020
116358
112684
121354
126693
129620
131637
137387
152868
143679
148943
153450
159580
160384
158703
150532
135538
155456
166815
161256
142649
136592
132491
136820
124020
119741
96938
84856
77586
54969
58154
37656
22444
4801
1372
297
0
warmup round (not counted): 0.257040
441
4112
17962
47831
88707
102100
117422
73437
69120
121895
114502
120556
111166
109712
118592
110384
97347
86366
86678
92718
92641
90414
103090
98104
106539
120454
118677
109690
111928
129784
132674
139367
146211
138577
141891
146794
152489
157639
170055
155495
157725
144364
154430
167308
170556
161848
151662
145053
126391
140513
127658
117970
93715
81696
72343
61511
50942
26817
21477
5568
2078
1013
345
0
round 1: 0.249254
median running time: 0.317720	0.249254
average running time: 0.317720	0.249254
Info: Running verifier
dijkstra running time: 4.338717  
source: 1874697   
origin
562
13435
39152
71469
94818
61522
75402
85309
82062
75099
82099
87790
105179
93355
80474
78471
80331
78923
90681
104434
101636
95083
94480
92720
93282
105492
120409
134145
126873
122246
115796
121325
131117
133705
122064
117159
108126
108484
106333
115552
107582
112148
100951
112138
122355
116781
125149
121904
136769
141633
131917
128206
121474
118153
122107
132305
126324
112928
116883
117186
114895
109386
117955
118060
95571
100496
84409
72290
59817
44268
30412
21965
12141
4229
3386
1298
228
0
warmup round (not counted): 0.317966
562
11136
35572
67492
86791
71241
78291
84282
81438
72957
81596
93764
105062
96369
83994
87288
79993
79930
94000
95385
104109
95603
100677
96086
99887
99523
116611
130570
127163
117900
118936
118934
120108
122644
128342
116709
115920
107855
105847
110780
108315
105571
105003
113196
113839
119195
124323
130595
129324
142978
141044
138701
130299
123990
124294
124858
124139
124958
123835
116370
109291
112384
119071
116037
110419
90614
85056
79398
73019
43228
41013
27208
18929
7106
3405
2833
334
0
round 1: 0.297742
contract
705
19368
65709
113642
84549
89649
74471
71985
98592
94859
87362
69234
85395
88977
94646
99101
98938
95957
94759
103863
124833
119374
132439
123511
115367
136414
121633
114827
101641
109434
113798
107064
101512
107877
118369
122990
130042
143647
135879
132886
126158
118879
128967
126886
117608
113372
114588
118341
118991
107964
89029
82221
66312
45481
25191
14753
3339
1748
417
0
warmup round (not counted): 0.268157
705
18861
71690
85088
69272
87868
72950
71934
98516
100357
95638
79076
75963
86171
103139
95186
101629
91874
92081
94677
119687
123655
124862
124071
130550
137895
124258
123255
109018
103277
108815
114556
104152
106892
120306
121559
138350
138392
137340
132786
120058
120431
126779
123860
123782
121999
114578
107581
121174
106833
91783
84943
71080
47014
30225
18408
5673
2221
309
179
0
round 1: 0.244454
median running time: 0.297742	0.244454
average running time: 0.297742	0.244454
Info: Running verifier
dijkstra running time: 4.298254  
source: 4072505   
origin
391
6216
19711
63869
87724
84444
71786
77467
86958
101778
99840
79672
69168
89520
102554
91491
77523
91809
89136
103476
97542
98604
113186
120769
118929
106207
117000
125725
120655
109983
115798
124127
140750
141821
138746
142489
151520
150218
149069
159493
170595
165594
146528
151310
150222
154860
152443
163110
156580
148371
146857
156974
155358
161044
159756
143058
138371
137826
131464
131032
129906
122901
114508
104884
99946
90144
94001
89667
73290
72334
64514
31934
20334
5250
2557
1091
806
423
0
warmup round (not counted): 0.315219
391
6151
20495
62604
87266
84136
63220
81487
113288
117572
113601
90062
70747
84691
91653
83126
83667
88209
85350
108787
113107
101882
112883
122314
110441
111808
120282
115848
117919
114867
120575
132043
146752
145900
148434
140260
155818
160735
161917
164048
168614
160692
158325
157243
150616
145002
148911
159357
154227
152382
154751
161122
163518
155371
156757
145921
140328
140641
125549
127494
125523
123050
117222
105372
90093
102563
89691
86814
72518
72639
66298
28363
15749
4128
2438
751
505
14
0
round 1: 0.308182
contract
455
9588
57286
126189
92126
69625
92790
98464
86115
74736
78452
91814
87935
85138
95070
110403
107126
123156
113626
112081
113073
117392
115272
123142
139727
138311
145059
136791
140949
145668
157169
158950
154037
148747
153950
153569
160355
150232
156147
159633
162755
163058
148179
140730
132613
132868
114793
108290
113103
99804
95643
88104
85558
63371
52217
25903
6367
2002
905
586
267
0
warmup round (not counted): 0.249914
455
10250
63196
135829
98756
66549
105191
107310
97676
74304
76881
96176
93813
88827
91482
106966
104715
113931
123535
114066
115951
114676
119928
120728
134237
143126
149227
145635
147668
148698
156291
158638
151991
145394
147538
156890
151742
150586
141692
153726
157994
161560
152098
136366
138323
127708
118769
114124
111335
103529
96287
89149
78148
66108
53943
19098
4270
1393
526
295
0
round 1: 0.245503
median running time: 0.308182	0.245503
average running time: 0.308182	0.245503
Info: Running verifier
dijkstra running time: 4.346523  
