0
step	origin_time	contract_time
1	0.14289880000000002
2	0.13333244
3	0.12786208
4	0.12216388000000002
5	0.11752559999999995
1
step	origin_time	contract_time
1	0.12430712
2	0.12123728000000003
3	0.11704964000000002
4	0.1148148
5	0.11573484
2
step	origin_time	contract_time
1	0.11739164000000002
2	0.115577
3	0.11551540000000005
4	0.11568580000000002
5	0.11769828
3
step	origin_time	contract_time
1	0.11625684
2	0.11697424000000002
3	0.1170412
4	0.12068536
5	0.12234083999999999
4
step	origin_time	contract_time
1	0.11717667999999996
2	0.11868088
3	0.12191408000000001
4	0.12393787999999997
5	0.12707684000000002
