0
step	origin_time	contract_time
1	0.13395224
2	0.12643308
3	0.12135256000000001
4	0.1322068
5	0.14266092
1
step	origin_time	contract_time
1	0.13518259999999999
2	0.12349040000000003
3	0.12701727999999998
4	0.13147244
5	0.13498079999999996
2
step	origin_time	contract_time
1	0.13335496
2	0.12583292000000001
3	0.12298332000000002
4	0.13355540000000002
5	0.13906607999999998
3
step	origin_time	contract_time
1	0.13307612
2	0.12238816
3	0.12327868000000003
4	0.13401531999999997
5	0.13736076000000003
4
step	origin_time	contract_time
1	0.12949560000000002
2	0.12618495999999998
3	0.12156388
4	0.13312284
5	0.13762052000000005
